accuracy_bc = 0.821772157444
accuracy_bc_pixels = 0.857089594738
accuracy_fc = 0.853093992532
accuracy_fc_pixels = 0.89653924898

