./data/OUTPUT/SCHOOLGT/battle_creekhs_2_updated//./data/INPUT/IMGs/SCHOOLGT/battle_creekhs_2_updated.png
accuracy_bc = 0.505740944867 +- 0.28854784527
accuracy_fc = 0.448364938459 +- 0.11817883655

