./data/OUTPUT/SCHOOLD/putnam_junior_high_updated//./data/INPUT/IMGs/SCHOOLD/putnam_junior_high_updated.png
accuracy_bc = 0.520104697765 +- 0.270700902915
accuracy_fc = 0.36464642972 +- 0.0954316051939

