./data/OUTPUT/SCHOOLD/plans2_updated//./data/INPUT/IMGs/SCHOOLD/plans2_updated.png
accuracy_bc = 0.616380096226 +- 0.169652436066
accuracy_fc = 0.603381554817 +- 0.0352830128472

