./data/OUTPUT/SURVEY/lab_intel//./data/INPUT/IMGs/SURVEY/lab_intel.png
accuracy_bc = 0.895026366773 +- 0.129869659838
accuracy_fc = 0.669784312762 +- 0.092318547699

