./data/OUTPUT/SURVEY/office_e//./data/INPUT/IMGs/SURVEY/office_e.png
accuracy_bc = 0.877620053518 +- 0.154575771779
accuracy_fc = 0.567631626142 +- 0.126715430403

