./data/OUTPUT/SURVEYGT/office_c//./data/INPUT/IMGs/SURVEYGT/office_c.png
accuracy_bc = 0.956540059272 +- 0.0324439020403
accuracy_fc = 0.889279536889 +- 0.0285686910811

