./data/OUTPUT/SURVEY/office_d//./data/INPUT/IMGs/SURVEY/office_d.png
accuracy_bc = 0.928712537597 +- 0.0524919500638
accuracy_fc = 0.787295429815 +- 0.0815141095145

