./data/OUTPUT/SCHOOL/henderson_high_school_updated//./data/INPUT/IMGs/SCHOOL/henderson_high_school_updated.png
accuracy_bc = 0.784286471206 +- 0.131489751108
accuracy_bc_pixels = 0.865043511133
accuracy_fc = 0.811606955791 +- 0.020219441447
accuracy_fc_pixels = 0.865119196228

