./data/OUTPUT/SURVEY/office_b//./data/INPUT/IMGs/SURVEY/office_b.png
accuracy_bc = 0.921675880504 +- 0.0567951129534
accuracy_fc = 0.836327048573 +- 0.0354305370914

