./data/OUTPUT/SCHOOL/rock_island_second_floor_updated//./data/INPUT/IMGs/SCHOOL/rock_island_second_floor_updated.png
accuracy_bc = 0.79908206891 +- 0.114096961561
accuracy_fc = 0.707434082064 +- 0.0458739216936

