./data/OUTPUT/SURVEY/office_h//./data/INPUT/IMGs/SURVEY/office_h.png
accuracy_bc = 0.887652411666 +- 0.0379730231386
accuracy_fc = 0.824431393999 +- 0.0824351365638

