./data/OUTPUT/SCHOOL/south_mountain_school_1_updated//./data/INPUT/IMGs/SCHOOL/south_mountain_school_1_updated.png
accuracy_bc = 0.866395720694 +- 0.12054739873
accuracy_bc_pixels = 0.92965684138
accuracy_fc = 0.863521746039 +- 0.0206276537826
accuracy_fc_pixels = 0.927087162237

