./data/OUTPUT/SURVEYGT/lab_f_scan//./data/INPUT/IMGs/SURVEYGT/lab_f_scan.png
accuracy_bc = 0.791251700923 +- 0.203856438385
accuracy_fc = 0.685414943535 +- 0.0464528111254

