./data/OUTPUT/SCHOOLGT/henderson_high_school_updated//./data/INPUT/IMGs/SCHOOLGT/henderson_high_school_updated.png
accuracy_bc = 0.84405809992 +- 0.214447723091
accuracy_fc = 0.230002300368 +- 0.0945189770199

