./data/OUTPUT/SCHOOL/south_mountain_school_2_updated//./data/INPUT/IMGs/SCHOOL/south_mountain_school_2_updated.png
accuracy_bc = 0.798635678899 +- 0.136407350136
accuracy_bc_pixels = 0.823447276887
accuracy_fc = 0.881533483934 +- 0.0118874443499
accuracy_fc_pixels = 0.923532111342

