./data/OUTPUT/SURVEYGT/lab_intel//./data/INPUT/IMGs/SURVEYGT/lab_intel.png
accuracy_bc = 0.780204435291 +- 0.22020729194
accuracy_fc = 0.64030833371 +- 0.0714166486577

