./data/OUTPUT/SCHOOLD/indian_head_updated//./data/INPUT/IMGs/SCHOOLD/indian_head_updated.png
accuracy_bc = 0.647346846247 +- 0.282854420075
accuracy_fc = 0.430811172362 +- 0.151091662163

