./data/OUTPUT/SCHOOL/scuola_sconosciuta_3_updated//./data/INPUT/IMGs/SCHOOL/scuola_sconosciuta_3_updated.png
accuracy_bc = 0.8515693608 +- 0.220334729752
accuracy_bc_pixels = 0.920434383964
accuracy_fc = 0.94990194509 +- 0.00167183212486
accuracy_fc_pixels = 0.946784599078

