accuracy_bc = 0.822039341109
accuracy_bc_pixels = 0.854826331918
accuracy_fc = 0.840170941459
accuracy_fc_pixels = 0.878000492838

