./data/OUTPUT/SCHOOLGT/scuola_sconosciuta_updated//./data/INPUT/IMGs/SCHOOLGT/scuola_sconosciuta_updated.png
accuracy_bc = 0.71630691167 +- 0.260535639893
accuracy_fc = 0.526084923368 +- 0.113966641857

