./data/OUTPUT/SCHOOLD/plans2_updated//./data/INPUT/IMGs/SCHOOLD/plans2_updated.png
accuracy_bc = 0.58955534939 +- 0.174516662537
accuracy_fc = 0.678137353309 +- 0.0450908510494

