./data/OUTPUT/SCHOOLGT/south_mountain_school_1_updated//./data/INPUT/IMGs/SCHOOLGT/south_mountain_school_1_updated.png
accuracy_bc = 0.52677218617 +- 0.310995435611
accuracy_fc = 0.483942845177 +- 0.0727781636418

