./data/OUTPUT/SCHOOLGT/bronxville_updated//./data/INPUT/IMGs/SCHOOLGT/bronxville_updated.png
accuracy_bc = 0.599138065317 +- 0.355982209488
accuracy_fc = 0.0987099967479 +- 0.0232801334958

