./data/OUTPUT/SCHOOL/plans2_updated//./data/INPUT/IMGs/SCHOOL/plans2_updated.png
accuracy_bc = 0.90286388966 +- 0.0836958728045
accuracy_bc_pixels = 0.935580379202
accuracy_fc = 0.888994657959 +- 0.0184158964289
accuracy_fc_pixels = 0.942284274709

