./data/OUTPUT/SCHOOL/SKF_FloorPlan_updated//./data/INPUT/IMGs/SCHOOL/SKF_FloorPlan_updated.png
accuracy_bc = 0.743633085819 +- 0.250150308618
accuracy_fc = 0.611790147332 +- 0.117690497434

