./data/OUTPUT/SCHOOL/plans2_updated//./data/INPUT/IMGs/SCHOOL/plans2_updated.png
accuracy_bc = 0.668996924517 +- 0.180197415477
accuracy_fc = 0.63741042325 +- 0.0422485445596

