./data/OUTPUT/SCHOOL/rock_island_second_floor_updated//./data/INPUT/IMGs/SCHOOL/rock_island_second_floor_updated.png
accuracy_bc = 0.86914431854 +- 0.0979526975031
accuracy_bc_pixels = 0.838917317424
accuracy_fc = 0.835890503937 +- 0.0245969905032
accuracy_fc_pixels = 0.876278652845

