./data/OUTPUT/SCHOOLGT/indian_head_updated//./data/INPUT/IMGs/SCHOOLGT/indian_head_updated.png
accuracy_bc = 0.596962098919 +- 0.328329913087
accuracy_fc = 0.39154127867 +- 0.137901326414

