./data/OUTPUT/SURVEY/lab_a_scan//./data/INPUT/IMGs/SURVEY/lab_a_scan.png
accuracy_bc = 0.88745913119 +- 0.14754011077
accuracy_fc = 0.787288465287 +- 0.049648366481

