./data/OUTPUT/SURVEY/lab_b_scan//./data/INPUT/IMGs/SURVEY/lab_b_scan.png
accuracy_bc = 0.84866304211 +- 0.147656895299
accuracy_fc = 0.722508331944 +- 0.0624801133275

