./data/OUTPUT/SURVEY/NLB//./data/INPUT/IMGs/SURVEY/NLB.png
accuracy_bc = 0.860580788351 +- 0.178512292819
accuracy_fc = 0.772469607066 +- 0.0435465443636

