./data/OUTPUT/SURVEYGT/office_b//./data/INPUT/IMGs/SURVEYGT/office_b.png
accuracy_bc = 0.919384983181 +- 0.0645043791059
accuracy_fc = 0.777879262707 +- 0.0823374811338

