./data/OUTPUT/SCHOOL/henderson_high_school_updated//./data/INPUT/IMGs/SCHOOL/henderson_high_school_updated.png
accuracy_bc = 0.660708386801 +- 0.351273562541
accuracy_fc = 0.255367585062 +- 0.116183939133

