./data/OUTPUT/SCHOOLGT/indian_head_updated//./data/INPUT/IMGs/SCHOOLGT/indian_head_updated.png
accuracy_bc = 0.63013540824 +- 0.27713566454
accuracy_fc = 0.39106460504 +- 0.146412219905

