./data/OUTPUT/SCHOOL/south_mountain_school_2_updated//./data/INPUT/IMGs/SCHOOL/south_mountain_school_2_updated.png
accuracy_bc = 0.505205061888 +- 0.236867186572
accuracy_fc = 0.309012889411 +- 0.0507303562037

