./data/OUTPUT/SCHOOLD/Sicurezza_1_updated//./data/INPUT/IMGs/SCHOOLD/Sicurezza_1_updated.png
accuracy_bc = 0.585732778935 +- 0.308704476428
accuracy_fc = 0.224157569583 +- 0.0679940702657

