./data/OUTPUT/SCHOOLD/henderson_high_school_updated//./data/INPUT/IMGs/SCHOOLD/henderson_high_school_updated.png
accuracy_bc = 0.76103060141 +- 0.316926910371
accuracy_fc = 0.357060752331 +- 0.142136834693

