./data/OUTPUT/SCHOOLGT/Sicurezza_1_updated//./data/INPUT/IMGs/SCHOOLGT/Sicurezza_1_updated.png
accuracy_bc = 0.525517894516 +- 0.312847422687
accuracy_fc = 0.236410504963 +- 0.0727319741996

