./data/OUTPUT/SURVEY/lab_ipa//./data/INPUT/IMGs/SURVEY/lab_ipa.png
accuracy_bc = 0.695396964879 +- 0.232730163838
accuracy_fc = 0.624222574041 +- 0.0605524317199

