./data/OUTPUT/SCHOOLD/rock_island_second_floor_updated//./data/INPUT/IMGs/SCHOOLD/rock_island_second_floor_updated.png
accuracy_bc = 0.843284551001 +- 0.130702190626
accuracy_fc = 0.728241578571 +- 0.0646375356481

