./data/OUTPUT/SCHOOL/UMTD_School_Floorplan_updated//./data/INPUT/IMGs/SCHOOL/UMTD_School_Floorplan_updated.png
accuracy_bc = 0.760145825353 +- 0.202469897519
accuracy_fc = 0.638546965588 +- 0.103333544175

