./data/OUTPUT/SURVEYGT/office_a//./data/INPUT/IMGs/SURVEYGT/office_a.png
accuracy_bc = 0.943938419026 +- 0.0498171363968
accuracy_fc = 0.898603465908 +- 0.0273194357341

