./data/OUTPUT/SCHOOL/battle_creekhs_2_updated//./data/INPUT/IMGs/SCHOOL/battle_creekhs_2_updated.png
accuracy_bc = 0.863021800501 +- 0.104336222109
accuracy_bc_pixels = 0.862354285176
accuracy_fc = 0.930173296999 +- 0.00398100651453
accuracy_fc_pixels = 0.943442825268

