./data/OUTPUT/SCHOOL/west_asheville_updated//./data/INPUT/IMGs/SCHOOL/west_asheville_updated.png
accuracy_bc = 0.788244346298 +- 0.164801885763
accuracy_bc_pixels = 0.842824293037
accuracy_fc = 0.798035692595 +- 0.0249514224386
accuracy_fc_pixels = 0.806999865814

