./data/OUTPUT/SCHOOL/cunningham2f_updated//./data/INPUT/IMGs/SCHOOL/cunningham2f_updated.png
accuracy_bc = 0.693012455726 +- 0.220833690257
accuracy_fc = 0.53979499097 +- 0.0387715661691

