./data/OUTPUT/SURVEYGT/office_h//./data/INPUT/IMGs/SURVEYGT/office_h.png
accuracy_bc = 0.940046472808 +- 0.0385334397024
accuracy_fc = 0.656219551895 +- 0.185973228094

