./data/OUTPUT/SCHOOL/cunningham2f_updated//./data/INPUT/IMGs/SCHOOL/cunningham2f_updated.png
accuracy_bc = 0.826199534653 +- 0.183097546304
accuracy_bc_pixels = 0.822908943453
accuracy_fc = 0.815944639459 +- 0.0424553126454
accuracy_fc_pixels = 0.835687287536

