./data/OUTPUT/SCHOOLGT/UMTD_School_Floorplan_updated//./data/INPUT/IMGs/SCHOOLGT/UMTD_School_Floorplan_updated.png
accuracy_bc = 0.741092104865 +- 0.214357539352
accuracy_fc = 0.643000015924 +- 0.101984710356

