./data/OUTPUT/SCHOOLGT/cunningham2f_updated//./data/INPUT/IMGs/SCHOOLGT/cunningham2f_updated.png
accuracy_bc = 0.661278224003 +- 0.220913827726
accuracy_fc = 0.608273317955 +- 0.0550886069659

