./data/OUTPUT/SCHOOLGT/Valleceppi_P0_updated//./data/INPUT/IMGs/SCHOOLGT/Valleceppi_P0_updated.png
accuracy_bc = 0.571017762483 +- 0.266091780867
accuracy_fc = 0.692836855709 +- 0.0631776763767

