./data/OUTPUT/SCHOOLD/Valleceppi_P1_updated//./data/INPUT/IMGs/SCHOOLD/Valleceppi_P1_updated.png
accuracy_bc = 0.688357713124 +- 0.207809399944
accuracy_fc = 0.728165632541 +- 0.0302148589956

