./data/OUTPUT/SCHOOL/Sicurezza_1_updated//./data/INPUT/IMGs/SCHOOL/Sicurezza_1_updated.png
accuracy_bc = 0.704291102536 +- 0.311653214376
accuracy_fc = 0.266392123457 +- 0.0996305778919

