./data/OUTPUT/SCHOOLGT/scuola_sconosciuta_updated//./data/INPUT/IMGs/SCHOOLGT/scuola_sconosciuta_updated.png
accuracy_bc = 0.63614242567 +- 0.313981469814
accuracy_fc = 0.587297386104 +- 0.0965460349558

