./data/OUTPUT/SCHOOL/sidneyriver_updated//./data/INPUT/IMGs/SCHOOL/sidneyriver_updated.png
accuracy_bc = 0.629750406951 +- 0.292749740229
accuracy_fc = 0.402556042664 +- 0.132920964675

