./data/OUTPUT/SURVEY/office_g//./data/INPUT/IMGs/SURVEY/office_g.png
accuracy_bc = 0.874472108893 +- 0.0494039465756
accuracy_fc = 0.913016791548 +- 0.026148455326

