./data/OUTPUT/SCHOOL/south_mountain_school_1_updated//./data/INPUT/IMGs/SCHOOL/south_mountain_school_1_updated.png
accuracy_bc = 0.866957347987 +- 0.121618517008
accuracy_bc_pixels = 0.933582032958
accuracy_fc = 0.876716213379 +- 0.0136618730418
accuracy_fc_pixels = 0.935371332329

