./data/OUTPUT/SCHOOLD/south_mountain_school_1_updated//./data/INPUT/IMGs/SCHOOLD/south_mountain_school_1_updated.png
accuracy_bc = 0.638805712585 +- 0.265559111003
accuracy_fc = 0.464997717448 +- 0.0741334161631

