./data/OUTPUT/SCHOOLGT/Valleceppi_P1_updated//./data/INPUT/IMGs/SCHOOLGT/Valleceppi_P1_updated.png
accuracy_bc = 0.720973901539 +- 0.227733014759
accuracy_fc = 0.786023779843 +- 0.0389166612916

