./data/OUTPUT/SCHOOLD/scuola_sconosciuta_updated//./data/INPUT/IMGs/SCHOOLD/scuola_sconosciuta_updated.png
accuracy_bc = 0.756650748077 +- 0.249018912885
accuracy_fc = 0.506210800722 +- 0.140005958925

