./data/OUTPUT/SCHOOL/Valleceppi_P1_updated//./data/INPUT/IMGs/SCHOOL/Valleceppi_P1_updated.png
accuracy_bc = 0.914927586823 +- 0.0454112496766
accuracy_fc = 0.917977092488 +- 0.00987512974166

