./data/OUTPUT/SCHOOL/Valleceppi_P0_updated//./data/INPUT/IMGs/SCHOOL/Valleceppi_P0_updated.png
accuracy_bc = 0.915515395926 +- 0.0696354764352
accuracy_bc_pixels = 0.942788161516
accuracy_fc = 0.904723034026 +- 0.0165512304616
accuracy_fc_pixels = 0.856450147001

