./data/OUTPUT/SCHOOL/Valleceppi_P1_updated//./data/INPUT/IMGs/SCHOOL/Valleceppi_P1_updated.png
accuracy_bc = 0.919062915348 +- 0.0512386389364
accuracy_bc_pixels = 0.928633505515
accuracy_fc = 0.94180495369 +- 0.0018738129649
accuracy_fc_pixels = 0.956935228957

