./data/OUTPUT/SCHOOL/bronxville_updated//./data/INPUT/IMGs/SCHOOL/bronxville_updated.png
accuracy_bc = 0.817435069189 +- 0.15511556655
accuracy_bc_pixels = 0.816042962602
accuracy_fc = 0.808515766694 +- 0.0258776128299
accuracy_fc_pixels = 0.833022797617

