./data/OUTPUT/SCHOOLGT/rock_island_second_floor_updated//./data/INPUT/IMGs/SCHOOLGT/rock_island_second_floor_updated.png
accuracy_bc = 0.844395640974 +- 0.169572479926
accuracy_fc = 0.617135011365 +- 0.0491084042242

