./data/OUTPUT/SURVEYGT/office_h//./data/INPUT/IMGs/SURVEYGT/office_h.png
accuracy_bc = 0.942936447113 +- 0.0363825233159
accuracy_fc = 0.728175072175 +- 0.162166352713

