./data/OUTPUT/SCHOOL/plans2_updated//./data/INPUT/IMGs/SCHOOL/plans2_updated.png
accuracy_bc = 0.67460389872 +- 0.167833533553
accuracy_fc = 0.667262221403 +- 0.0464583495977

