./data/OUTPUT/SURVEYGT/lab_c_scan//./data/INPUT/IMGs/SURVEYGT/lab_c_scan.png
accuracy_bc = 0.949621157022 +- 0.0247148266912
accuracy_fc = 0.900314786247 +- 0.0318693505845

