./data/OUTPUT/SCHOOL/SKF_FloorPlan_updated//./data/INPUT/IMGs/SCHOOL/SKF_FloorPlan_updated.png
accuracy_bc = 0.722383936505 +- 0.168390133325
accuracy_bc_pixels = 0.808836040684
accuracy_fc = 0.729926808928 +- 0.0293734300231
accuracy_fc_pixels = 0.835943421701

