./data/OUTPUT/SCHOOL/rock_island_second_floor_updated//./data/INPUT/IMGs/SCHOOL/rock_island_second_floor_updated.png
accuracy_bc = 0.83535280348 +- 0.139034577472
accuracy_bc_pixels = 0.789275758907
accuracy_fc = 0.820237587918 +- 0.0287826351658
accuracy_fc_pixels = 0.846219714339

