./data/OUTPUT/SCHOOL/Sicurezza_1_updated//./data/INPUT/IMGs/SCHOOL/Sicurezza_1_updated.png
accuracy_bc = 0.708199973152 +- 0.304282965713
accuracy_fc = 0.269719604976 +- 0.0958514517732

