./data/OUTPUT/SURVEYGT/lab_f_scan//./data/INPUT/IMGs/SURVEYGT/lab_f_scan.png
accuracy_bc = 0.810641100681 +- 0.175963316586
accuracy_fc = 0.801195011704 +- 0.0421042480027

