./data/OUTPUT/SCHOOL/henderson_high_school_updated//./data/INPUT/IMGs/SCHOOL/henderson_high_school_updated.png
accuracy_bc = 0.660156275752 +- 0.351965430174
accuracy_fc = 0.262440956467 +- 0.117145737558

