./data/OUTPUT/SCHOOLGT/scuola_sconosciuta_3_updated//./data/INPUT/IMGs/SCHOOLGT/scuola_sconosciuta_3_updated.png
accuracy_bc = 0.496250592442 +- 0.288027660428
accuracy_fc = 0.542019139292 +- 0.0852307967838

