./data/OUTPUT/SCHOOLGT/battle_creekhs_2_updated//./data/INPUT/IMGs/SCHOOLGT/battle_creekhs_2_updated.png
accuracy_bc = 0.523930388545 +- 0.297401696077
accuracy_fc = 0.367398649203 +- 0.106352584576

