./data/OUTPUT/SURVEYGT/Freiburg101_scan//./data/INPUT/IMGs/SURVEYGT/Freiburg101_scan.png
accuracy_bc = 0.732276944854 +- 0.293749444813
accuracy_fc = 0.738711255938 +- 0.048268191528

