./data/OUTPUT/SCHOOL/scuola_sconosciuta_updated//./data/INPUT/IMGs/SCHOOL/scuola_sconosciuta_updated.png
accuracy_bc = 0.889485820561 +- 0.137834562736
accuracy_bc_pixels = 0.887022499589
accuracy_fc = 0.814407259976 +- 0.0324441834706
accuracy_fc_pixels = 0.902431530934

