./data/OUTPUT/SURVEYGT/lab_f_scan//./data/INPUT/IMGs/SURVEYGT/lab_f_scan.png
accuracy_bc = 0.850363735485 +- 0.127482431965
accuracy_fc = 0.775727478502 +- 0.070397120455

