./data/OUTPUT/SCHOOL/putnam_junior_high_updated//./data/INPUT/IMGs/SCHOOL/putnam_junior_high_updated.png
accuracy_bc = 0.503089040302 +- 0.273675428067
accuracy_fc = 0.315559899281 +- 0.0779477857131

