./data/OUTPUT/SURVEYGT/office_d//./data/INPUT/IMGs/SURVEYGT/office_d.png
accuracy_bc = 0.909178025893 +- 0.0898732028456
accuracy_fc = 0.840994481012 +- 0.0321785777822

