./data/OUTPUT/SURVEYGT/lab_d_scan//./data/INPUT/IMGs/SURVEYGT/lab_d_scan.png
accuracy_bc = 0.832717009854 +- 0.249319102259
accuracy_fc = 0.736290428601 +- 0.113471674071

