./data/OUTPUT/SCHOOLD/scuola_sconosciuta_updated//./data/INPUT/IMGs/SCHOOLD/scuola_sconosciuta_updated.png
accuracy_bc = 0.641191586324 +- 0.280306523163
accuracy_fc = 0.556880945557 +- 0.100192468069

