./data/OUTPUT/SCHOOLGT/west_asheville_updated//./data/INPUT/IMGs/SCHOOLGT/west_asheville_updated.png
accuracy_bc = 0.551418554383 +- 0.364152636311
accuracy_fc = 0.392841643476 +- 0.153108007224

