./data/OUTPUT/SCHOOL/south_mountain_school_1_updated//./data/INPUT/IMGs/SCHOOL/south_mountain_school_1_updated.png
accuracy_bc = 0.719041350538 +- 0.224849563274
accuracy_fc = 0.557763900072 +- 0.0703082509242

