./data/OUTPUT/SCHOOL/bronxville_updated//./data/INPUT/IMGs/SCHOOL/bronxville_updated.png
accuracy_bc = 0.71316023952 +- 0.252335455779
accuracy_bc_pixels = 0.757591288504
accuracy_fc = 0.833130373183 +- 0.0240190463605
accuracy_fc_pixels = 0.860685441926

