./data/OUTPUT/SCHOOLD/sidneyriver_updated//./data/INPUT/IMGs/SCHOOLD/sidneyriver_updated.png
accuracy_bc = 0.694908919609 +- 0.28091084364
accuracy_fc = 0.306042354248 +- 0.145093255116

