./data/OUTPUT/SCHOOLD/SKF_FloorPlan_updated//./data/INPUT/IMGs/SCHOOLD/SKF_FloorPlan_updated.png
accuracy_bc = 0.738917022033 +- 0.2661451829
accuracy_fc = 0.683319656892 +- 0.102505438881

