./data/OUTPUT/SURVEYGT/office_h//./data/INPUT/IMGs/SURVEYGT/office_h.png
accuracy_bc = 0.935882314679 +- 0.0343504502193
accuracy_fc = 0.680657293626 +- 0.167404454185

