./data/OUTPUT/SURVEY/lab_a_scan//./data/INPUT/IMGs/SURVEY/lab_a_scan.png
accuracy_bc = 0.936549822525 +- 0.050175989587
accuracy_fc = 0.819756834759 +- 0.056982428051

