./data/OUTPUT/SCHOOL/Sicurezza_1_updated//./data/INPUT/IMGs/SCHOOL/Sicurezza_1_updated.png
accuracy_bc = 0.831322017612 +- 0.131613387735
accuracy_bc_pixels = 0.875531085248
accuracy_fc = 0.825940370231 +- 0.0266322361748
accuracy_fc_pixels = 0.893380142222

