./data/OUTPUT/SURVEY/Freiburg52_scan//./data/INPUT/IMGs/SURVEY/Freiburg52_scan.png
accuracy_bc = 0.891360647483 +- 0.0755687084954
accuracy_fc = 0.912831062622 +- 0.00355535745375

