./data/OUTPUT/SCHOOL/indian_head_updated//./data/INPUT/IMGs/SCHOOL/indian_head_updated.png
accuracy_bc = 0.760892164041 +- 0.170405068992
accuracy_bc_pixels = 0.770485263996
accuracy_fc = 0.788875321938 +- 0.0269218975301
accuracy_fc_pixels = 0.849375754576

