./data/OUTPUT/SCHOOLD/Valleceppi_P0_updated//./data/INPUT/IMGs/SCHOOLD/Valleceppi_P0_updated.png
accuracy_bc = 0.674378340965 +- 0.235279599973
accuracy_fc = 0.641250690323 +- 0.0551312864256

