./data/OUTPUT/SURVEYGT/office_e//./data/INPUT/IMGs/SURVEYGT/office_e.png
accuracy_bc = 0.892066893705 +- 0.133361618114
accuracy_fc = 0.581287657754 +- 0.121600420958

