./data/OUTPUT/SCHOOL/battle_creekhs_2_updated//./data/INPUT/IMGs/SCHOOL/battle_creekhs_2_updated.png
accuracy_bc = 0.48348225986 +- 0.289053128995
accuracy_fc = 0.355739466053 +- 0.102148067041

