./data/OUTPUT/SCHOOL/battle_creekhs_2_updated//./data/INPUT/IMGs/SCHOOL/battle_creekhs_2_updated.png
accuracy_bc = 0.887582760957 +- 0.0728590735571
accuracy_bc_pixels = 0.896117277947
accuracy_fc = 0.926780818192 +- 0.00593467459941
accuracy_fc_pixels = 0.944941631894

