./data/OUTPUT/SCHOOL/putnam_junior_high_updated//./data/INPUT/IMGs/SCHOOL/putnam_junior_high_updated.png
accuracy_bc = 0.732335936957 +- 0.194154040965
accuracy_bc_pixels = 0.794007288878
accuracy_fc = 0.835771740956 +- 0.0266022139508
accuracy_fc_pixels = 0.892688510669

