./data/OUTPUT/SCHOOLGT/Sicurezza_1_updated//./data/INPUT/IMGs/SCHOOLGT/Sicurezza_1_updated.png
accuracy_bc = 0.592291154416 +- 0.276723517704
accuracy_fc = 0.245580490768 +- 0.0751558384705

