./data/OUTPUT/SCHOOLGT/putnam_junior_high_updated//./data/INPUT/IMGs/SCHOOLGT/putnam_junior_high_updated.png
accuracy_bc = 0.50912054965 +- 0.294266862546
accuracy_fc = 0.374762644323 +- 0.0968504193991

