./data/OUTPUT/SCHOOL/cunningham2f_updated//./data/INPUT/IMGs/SCHOOL/cunningham2f_updated.png
accuracy_bc = 0.86324135564 +- 0.138673235023
accuracy_bc_pixels = 0.866828736072
accuracy_fc = 0.846339869437 +- 0.0421413961132
accuracy_fc_pixels = 0.797706749124

