./data/OUTPUT/SCHOOLD/SKF_FloorPlan_updated//./data/INPUT/IMGs/SCHOOLD/SKF_FloorPlan_updated.png
accuracy_bc = 0.73967908431 +- 0.258215889578
accuracy_fc = 0.659579344462 +- 0.105199550502

