./data/OUTPUT/SURVEYGT/lab_d_scan//./data/INPUT/IMGs/SURVEYGT/lab_d_scan.png
accuracy_bc = 0.857942863134 +- 0.250279609892
accuracy_fc = 0.747680633057 +- 0.103420267495

