./data/OUTPUT/SURVEY/lab_f_scan//./data/INPUT/IMGs/SURVEY/lab_f_scan.png
accuracy_bc = 0.844365598486 +- 0.135974357493
accuracy_fc = 0.752901422773 +- 0.0635937964559

