./data/OUTPUT/SURVEY/office_a//./data/INPUT/IMGs/SURVEY/office_a.png
accuracy_bc = 0.956110525213 +- 0.0472026347538
accuracy_fc = 0.839881348359 +- 0.0783882852349

