./data/OUTPUT/SURVEY/office_b//./data/INPUT/IMGs/SURVEY/office_b.png
accuracy_bc = 0.928017694628 +- 0.0682601823948
accuracy_fc = 0.802052436704 +- 0.0784771617454

