./data/OUTPUT/SURVEYGT/Freiburg79_scan2//./data/INPUT/IMGs/SURVEYGT/Freiburg79_scan2.png
accuracy_bc = 0.539030620949 +- 0.179289720516
accuracy_fc = 0.700534978328 +- 0.0214793048005

