./data/OUTPUT/SCHOOL/south_mountain_school_2_updated//./data/INPUT/IMGs/SCHOOL/south_mountain_school_2_updated.png
accuracy_bc = 0.75294797271 +- 0.182274169354
accuracy_bc_pixels = 0.80551879858
accuracy_fc = 0.84678983505 +- 0.0185324004117
accuracy_fc_pixels = 0.843195326609

