./data/OUTPUT/SURVEYGT/lab_b_scan//./data/INPUT/IMGs/SURVEYGT/lab_b_scan.png
accuracy_bc = 0.88050612636 +- 0.139178957122
accuracy_fc = 0.776728332968 +- 0.0495149021864

