./data/OUTPUT/SCHOOL/sidneyriver_updated//./data/INPUT/IMGs/SCHOOL/sidneyriver_updated.png
accuracy_bc = 0.665940305476 +- 0.292463168287
accuracy_fc = 0.379610657377 +- 0.129152495254

