./data/OUTPUT/SURVEYGT/lab_intel//./data/INPUT/IMGs/SURVEYGT/lab_intel.png
accuracy_bc = 0.878194879608 +- 0.138910560165
accuracy_fc = 0.712010062212 +- 0.096384457146

