./data/OUTPUT/SCHOOL/scuola_sconosciuta_updated//./data/INPUT/IMGs/SCHOOL/scuola_sconosciuta_updated.png
accuracy_bc = 0.875898725273 +- 0.138782387526
accuracy_bc_pixels = 0.882656386833
accuracy_fc = 0.804797524964 +- 0.0309291772287
accuracy_fc_pixels = 0.900034403894

