./data/OUTPUT/SURVEYGT/office_b//./data/INPUT/IMGs/SURVEYGT/office_b.png
accuracy_bc = 0.904257782776 +- 0.0904258161508
accuracy_fc = 0.813942368992 +- 0.0333178887617

