./data/OUTPUT/SCHOOL/herndon_updated//./data/INPUT/IMGs/SCHOOL/herndon_updated.png
accuracy_bc = 0.774333018557 +- 0.201404601647
accuracy_bc_pixels = 0.83353903521
accuracy_fc = 0.863852983293 +- 0.0269924201273
accuracy_fc_pixels = 0.919355873031

