./data/OUTPUT/SCHOOLGT/rock_island_second_floor_updated//./data/INPUT/IMGs/SCHOOLGT/rock_island_second_floor_updated.png
accuracy_bc = 0.853792427663 +- 0.132661967164
accuracy_fc = 0.71380894504 +- 0.0538848553812

