./data/OUTPUT/SCHOOL/rock_island_second_floor_updated//./data/INPUT/IMGs/SCHOOL/rock_island_second_floor_updated.png
accuracy_bc = 0.786378849511 +- 0.177557811274
accuracy_bc_pixels = 0.799339662237
accuracy_fc = 0.818219298493 +- 0.0376787690719
accuracy_fc_pixels = 0.877758452887

