./data/OUTPUT/SCHOOLD/indian_head_updated//./data/INPUT/IMGs/SCHOOLD/indian_head_updated.png
accuracy_bc = 0.645191634261 +- 0.275101712782
accuracy_fc = 0.418639809622 +- 0.149704908301

