./data/OUTPUT/SCHOOL/Valleceppi_P0_updated//./data/INPUT/IMGs/SCHOOL/Valleceppi_P0_updated.png
accuracy_bc = 0.886297937353 +- 0.0842350039022
accuracy_bc_pixels = 0.905694366618
accuracy_fc = 0.901045209095 +- 0.0039480626978
accuracy_fc_pixels = 0.937256389812

