./data/OUTPUT/SCHOOL/indian_head_updated//./data/INPUT/IMGs/SCHOOL/indian_head_updated.png
accuracy_bc = 0.804318335691 +- 0.164805180185
accuracy_bc_pixels = 0.820925865998
accuracy_fc = 0.856622991931 +- 0.0154153003335
accuracy_fc_pixels = 0.890451773928

