./data/OUTPUT/SCHOOLGT/Sicurezza_1_updated//./data/INPUT/IMGs/SCHOOLGT/Sicurezza_1_updated.png
accuracy_bc = 0.590881292456 +- 0.215012798324
accuracy_fc = 0.19991767492 +- 0.0615613654817

