./data/OUTPUT/SCHOOL/cunningham2f_updated//./data/INPUT/IMGs/SCHOOL/cunningham2f_updated.png
accuracy_bc = 0.827004318808 +- 0.181835141645
accuracy_bc_pixels = 0.823053466102
accuracy_fc = 0.817816086558 +- 0.0441206113953
accuracy_fc_pixels = 0.831904557564

