./data/OUTPUT/SCHOOL/plans2_updated//./data/INPUT/IMGs/SCHOOL/plans2_updated.png
accuracy_bc = 0.935488661712 +- 0.0413308506836
accuracy_bc_pixels = 0.955257354187
accuracy_fc = 0.878903205957 +- 0.0246807990818
accuracy_fc_pixels = 0.853118312555

