./data/OUTPUT/SCHOOL/south_mountain_school_2_updated//./data/INPUT/IMGs/SCHOOL/south_mountain_school_2_updated.png
accuracy_bc = 0.489249117501 +- 0.201573306596
accuracy_fc = 0.349892780761 +- 0.0688892816166

