./data/OUTPUT/SURVEYGT/lab_d_scan//./data/INPUT/IMGs/SURVEYGT/lab_d_scan.png
accuracy_bc = 0.842718577728 +- 0.247617075594
accuracy_fc = 0.704979883416 +- 0.0904399219084

