./data/OUTPUT/SCHOOL/henderson_high_school_updated//./data/INPUT/IMGs/SCHOOL/henderson_high_school_updated.png
accuracy_bc = 0.799424147857 +- 0.162441660429
accuracy_bc_pixels = 0.869400004127
accuracy_fc = 0.791955538166 +- 0.0319762726799
accuracy_fc_pixels = 0.814389375797

