./data/OUTPUT/SURVEYGT/lab_f_scan//./data/INPUT/IMGs/SURVEYGT/lab_f_scan.png
accuracy_bc = 0.81287072535 +- 0.196861346322
accuracy_fc = 0.659604053197 +- 0.0464998431055

