./data/OUTPUT/SCHOOL/scuola_sconosciuta_updated//./data/INPUT/IMGs/SCHOOL/scuola_sconosciuta_updated.png
accuracy_bc = 0.825614289444 +- 0.209752910306
accuracy_bc_pixels = 0.816734463079
accuracy_fc = 0.74599277809 +- 0.0512185969697
accuracy_fc_pixels = 0.872904392952

