./data/OUTPUT/SURVEYGT/lab_a_scan//./data/INPUT/IMGs/SURVEYGT/lab_a_scan.png
accuracy_bc = 0.881602846473 +- 0.150371519339
accuracy_fc = 0.789754336794 +- 0.0498154897662

