./data/OUTPUT/SCHOOL/UMTD_School_Floorplan_updated//./data/INPUT/IMGs/SCHOOL/UMTD_School_Floorplan_updated.png
accuracy_bc = 0.836510827195 +- 0.106941716635
accuracy_bc_pixels = 0.898499146876
accuracy_fc = 0.842185757196 +- 0.0298333555227
accuracy_fc_pixels = 0.922866761159

