./data/OUTPUT/SCHOOLGT/herndon_updated//./data/INPUT/IMGs/SCHOOLGT/herndon_updated.png
accuracy_bc = 0.579641710094 +- 0.309892170311
accuracy_fc = 0.448691985865 +- 0.125925183244

