./data/OUTPUT/SCHOOL/south_mountain_school_1_updated//./data/INPUT/IMGs/SCHOOL/south_mountain_school_1_updated.png
accuracy_bc = 0.87081752962 +- 0.108612981063
accuracy_bc_pixels = 0.896704924458
accuracy_fc = 0.871869546877 +- 0.0184661118186
accuracy_fc_pixels = 0.93601271551

