./data/OUTPUT/SCHOOLGT/putnam_junior_high_updated//./data/INPUT/IMGs/SCHOOLGT/putnam_junior_high_updated.png
accuracy_bc = 0.587418418 +- 0.330827654679
accuracy_fc = 0.277904475669 +- 0.0364602438806

