./data/OUTPUT/SURVEY/lab_d_scan//./data/INPUT/IMGs/SURVEY/lab_d_scan.png
accuracy_bc = 0.944875707998 +- 0.0453516734683
accuracy_fc = 0.667755616482 +- 0.108849228941

