

/home/matteo/Desktop/test_maps/lab_b_scan_gt_segmentation.png
accuracy_bc = 0.901598071256 +- 0.0892754290058
accuracy_fc = 0.860976868237 +- 0.00376819539305

/home/matteo/Desktop/test_maps/lab_b_scan_gt_segmentation.png
accuracy_bc = 0.901598071256 +- 0.0892754290058
accuracy_fc = 0.860976868237 +- 0.00376819539305

/home/matteo/Desktop/test_maps/lab_b_scan_gt_segmentation.png
accuracy_bc = 0.901598071256 +- 0.0892754290058
accuracy_fc = 0.860976868237 +- 0.00376819539305

/home/matteo/Desktop/test_maps/lab_b_scan_gt_segmentation.png
accuracy_bc = 0.901598071256 +- 0.0892754290058
accuracy_fc = 0.860976868237 +- 0.00376819539305

