./data/OUTPUT/SURVEY/office_d//./data/INPUT/IMGs/SURVEY/office_d.png
accuracy_bc = 0.89531542827 +- 0.143348253997
accuracy_fc = 0.805893717508 +- 0.0593051915641

