./data/OUTPUT/SURVEY/lab_d_scan//./data/INPUT/IMGs/SURVEY/lab_d_scan.png
accuracy_bc = 0.915665932439 +- 0.04844122989
accuracy_fc = 0.806103729362 +- 0.0796584976491

