./data/OUTPUT/SURVEY/lab_b_scan//./data/INPUT/IMGs/SURVEY/lab_b_scan.png
accuracy_bc = 0.925407310631 +- 0.0894184670295
accuracy_fc = 0.707763294544 +- 0.057792152868

