./data/OUTPUT/SURVEY/Freiburg52_scan//./data/INPUT/IMGs/SURVEY/Freiburg52_scan.png
accuracy_bc = 0.733455805952 +- 0.31672186536
accuracy_fc = 0.745618091973 +- 0.0132791350167

