./data/OUTPUT/SCHOOLD/Sicurezza_1_updated//./data/INPUT/IMGs/SCHOOLD/Sicurezza_1_updated.png
accuracy_bc = 0.549383314219 +- 0.242070238039
accuracy_fc = 0.243142700567 +- 0.0799868533975

