./data/OUTPUT/SCHOOLGT/west_asheville_updated//./data/INPUT/IMGs/SCHOOLGT/west_asheville_updated.png
accuracy_bc = 0.623011477117 +- 0.352967895
accuracy_fc = 0.311252020585 +- 0.106787969314

