./data/OUTPUT/SCHOOLD/rock_island_second_floor_updated//./data/INPUT/IMGs/SCHOOLD/rock_island_second_floor_updated.png
accuracy_bc = 0.8634979538 +- 0.183415017105
accuracy_fc = 0.663393001544 +- 0.0429801977261

