./data/OUTPUT/SURVEYGT/lab_ipa//./data/INPUT/IMGs/SURVEYGT/lab_ipa.png
accuracy_bc = 0.536264296992 +- 0.243360011312
accuracy_fc = 0.760160654195 +- 0.0246625784867

