./data/OUTPUT/SCHOOLD/putnam_junior_high_updated//./data/INPUT/IMGs/SCHOOLD/putnam_junior_high_updated.png
accuracy_bc = 0.513142080822 +- 0.320279265959
accuracy_fc = 0.404221477351 +- 0.1226061229

