./data/OUTPUT/SURVEY/office_f//./data/INPUT/IMGs/SURVEY/office_f.png
accuracy_bc = 0.883546462742 +- 0.0544792794456
accuracy_fc = 0.887424293333 +- 0.00989287913861

