./data/OUTPUT/SCHOOLD/Valleceppi_P0_updated//./data/INPUT/IMGs/SCHOOLD/Valleceppi_P0_updated.png
accuracy_bc = 0.680272504927 +- 0.255492613706
accuracy_fc = 0.641277122929 +- 0.0570123907403

