./data/OUTPUT/SURVEY/office_e//./data/INPUT/IMGs/SURVEY/office_e.png
accuracy_bc = 0.872897561338 +- 0.148513821691
accuracy_fc = 0.544453706277 +- 0.128518499293

