./data/OUTPUT/SCHOOL/south_mountain_school_2_updated//./data/INPUT/IMGs/SCHOOL/south_mountain_school_2_updated.png
accuracy_bc = 0.851290305308 +- 0.116013012017
accuracy_bc_pixels = 0.906949035202
accuracy_fc = 0.88004115211 +- 0.00657878161777
accuracy_fc_pixels = 0.904555992818

