./data/OUTPUT/SCHOOL/sidneyriver_updated//./data/INPUT/IMGs/SCHOOL/sidneyriver_updated.png
accuracy_bc = 0.90188435312 +- 0.098632659473
accuracy_bc_pixels = 0.903960301088
accuracy_fc = 0.892505739903 +- 0.0194252383279
accuracy_fc_pixels = 0.874922432696

