./data/OUTPUT/SCHOOLD/battle_creekhs_2_updated//./data/INPUT/IMGs/SCHOOLD/battle_creekhs_2_updated.png
accuracy_bc = 0.493318673802 +- 0.306802334853
accuracy_fc = 0.468831826122 +- 0.109584745172

