./data/OUTPUT/SCHOOL/indian_head_updated//./data/INPUT/IMGs/SCHOOL/indian_head_updated.png
accuracy_bc = 0.697432297913 +- 0.203870611811
accuracy_fc = 0.357931632872 +- 0.156415926963

