./data/OUTPUT/SCHOOL/herndon_updated//./data/INPUT/IMGs/SCHOOL/herndon_updated.png
accuracy_bc = 0.616563535401 +- 0.282330730908
accuracy_fc = 0.433086903258 +- 0.0987655062872

