./data/OUTPUT/SURVEY/office_i//./data/INPUT/IMGs/SURVEY/office_i.png
accuracy_bc = 0.950452365376 +- 0.0362358605676
accuracy_fc = 0.847996909939 +- 0.0669515909414

