./data/OUTPUT/SCHOOL/plans2_updated//./data/INPUT/IMGs/SCHOOL/plans2_updated.png
accuracy_bc = 0.861188646441 +- 0.132473819614
accuracy_bc_pixels = 0.895722236459
accuracy_fc = 0.896473669876 +- 0.0146646872893
accuracy_fc_pixels = 0.931394158355

