./data/OUTPUT/SCHOOLGT/SKF_FloorPlan_updated//./data/INPUT/IMGs/SCHOOLGT/SKF_FloorPlan_updated.png
accuracy_bc = 0.309835748031 +- 0.231280440161
accuracy_fc = 0.695531985729 +- 0.0937232948867

