./data/OUTPUT/SURVEYGT/Freiburg101_scan//./data/INPUT/IMGs/SURVEYGT/Freiburg101_scan.png
accuracy_bc = 0.75646335862 +- 0.148241187164
accuracy_fc = 0.734110001841 +- 0.030234069876

