./data/OUTPUT/SCHOOL/scuola_sconosciuta_3_updated//./data/INPUT/IMGs/SCHOOL/scuola_sconosciuta_3_updated.png
accuracy_bc = 0.391072615978 +- 0.2159397113
accuracy_fc = 0.485390220803 +- 0.0766966098249

