./data/OUTPUT/SCHOOL/SKF_FloorPlan_updated//./data/INPUT/IMGs/SCHOOL/SKF_FloorPlan_updated.png
accuracy_bc = 0.669859860433 +- 0.191005246933
accuracy_bc_pixels = 0.798056217286
accuracy_fc = 0.754870371383 +- 0.0306951075543
accuracy_fc_pixels = 0.873528993247

