./data/OUTPUT/SCHOOL/south_mountain_school_1_updated//./data/INPUT/IMGs/SCHOOL/south_mountain_school_1_updated.png
accuracy_bc = 0.820996909267 +- 0.230885592874
accuracy_bc_pixels = 0.919538056907
accuracy_fc = 0.848082659909 +- 0.0238747875666
accuracy_fc_pixels = 0.92260204209

