./data/OUTPUT/SCHOOLD/battle_creekhs_2_updated//./data/INPUT/IMGs/SCHOOLD/battle_creekhs_2_updated.png
accuracy_bc = 0.522042587937 +- 0.278704875489
accuracy_fc = 0.427139804414 +- 0.109165292913

