./data/OUTPUT/SCHOOLD/Valleceppi_P1_updated//./data/INPUT/IMGs/SCHOOLD/Valleceppi_P1_updated.png
accuracy_bc = 0.731698849996 +- 0.182986503271
accuracy_fc = 0.751800384858 +- 0.0285800905267

