./data/OUTPUT/SCHOOL/SKF_FloorPlan_updated//./data/INPUT/IMGs/SCHOOL/SKF_FloorPlan_updated.png
accuracy_bc = 0.758477783542 +- 0.128052383345
accuracy_bc_pixels = 0.848483484248
accuracy_fc = 0.713259460762 +- 0.035363435058
accuracy_fc_pixels = 0.79334631019

