./data/OUTPUT/SCHOOL/herndon_updated//./data/INPUT/IMGs/SCHOOL/herndon_updated.png
accuracy_bc = 0.794084602852 +- 0.202138270765
accuracy_bc_pixels = 0.846142162474
accuracy_fc = 0.862338083955 +- 0.0306110919094
accuracy_fc_pixels = 0.919899082814

