accuracy_bc = 0.842559134976
accuracy_bc_pixels = 0.878137585487
accuracy_fc = 0.822065592709
accuracy_fc_pixels = 0.875733231043

