./data/OUTPUT/SCHOOLGT/plans2_updated//./data/INPUT/IMGs/SCHOOLGT/plans2_updated.png
accuracy_bc = 0.606527283972 +- 0.179290149845
accuracy_fc = 0.667828546963 +- 0.0442823463532

