./data/OUTPUT/SCHOOLD/herndon_updated//./data/INPUT/IMGs/SCHOOLD/herndon_updated.png
accuracy_bc = 0.551183452055 +- 0.310908988357
accuracy_fc = 0.465432627316 +- 0.145887705192

