./data/OUTPUT/SCHOOL/indian_head_updated//./data/INPUT/IMGs/SCHOOL/indian_head_updated.png
accuracy_bc = 0.702348211369 +- 0.199658084679
accuracy_fc = 0.36525060393 +- 0.13809131164

