./data/OUTPUT/SURVEY/Freiburg101_scan//./data/INPUT/IMGs/SURVEY/Freiburg101_scan.png
accuracy_bc = 0.82519735624 +- 0.159937634644
accuracy_fc = 0.72343854693 +- 0.0247326510236

