./data/OUTPUT/SURVEYGT/lab_intel//./data/INPUT/IMGs/SURVEYGT/lab_intel.png
accuracy_bc = 0.774480216446 +- 0.222870807389
accuracy_fc = 0.635407689075 +- 0.0737264557422

