./data/OUTPUT/SCHOOLGT/indian_head_updated//./data/INPUT/IMGs/SCHOOLGT/indian_head_updated.png
accuracy_bc = 0.644925438802 +- 0.274754649353
accuracy_fc = 0.382810741779 +- 0.13983280958

