./data/OUTPUT/SURVEYGT/lab_c_scan//./data/INPUT/IMGs/SURVEYGT/lab_c_scan.png
accuracy_bc = 0.905361378733 +- 0.110296033517
accuracy_fc = 0.918471764937 +- 0.00417782018647

