./data/OUTPUT/SCHOOLGT/plans2_updated//./data/INPUT/IMGs/SCHOOLGT/plans2_updated.png
accuracy_bc = 0.608400516717 +- 0.163724995584
accuracy_fc = 0.609297513804 +- 0.0515584068102

