./data/OUTPUT/SURVEY/lab_intel//./data/INPUT/IMGs/SURVEY/lab_intel.png
accuracy_bc = 0.824801067812 +- 0.193122596554
accuracy_fc = 0.60944893164 +- 0.0711487005974

