./data/OUTPUT/SCHOOLGT/henderson_high_school_updated//./data/INPUT/IMGs/SCHOOLGT/henderson_high_school_updated.png
accuracy_bc = 0.706736570524 +- 0.348265244382
accuracy_fc = 0.415110675515 +- 0.158052782579

