./data/OUTPUT/SCHOOL/Valleceppi_P0_updated//./data/INPUT/IMGs/SCHOOL/Valleceppi_P0_updated.png
accuracy_bc = 0.682737925366 +- 0.227382634825
accuracy_fc = 0.664075371779 +- 0.0654598836492

