./data/OUTPUT/SURVEY/lab_d_scan//./data/INPUT/IMGs/SURVEY/lab_d_scan.png
accuracy_bc = 0.948365531293 +- 0.0431996370245
accuracy_fc = 0.570282518736 +- 0.0919681561775

