./data/OUTPUT/SURVEYGT/Freiburg52_scan//./data/INPUT/IMGs/SURVEYGT/Freiburg52_scan.png
accuracy_bc = 0.914085769885 +- 0.0643016498778
accuracy_fc = 0.881060627473 +- 0.022405297575

