./data/OUTPUT/SURVEY/lab_intel//./data/INPUT/IMGs/SURVEY/lab_intel.png
accuracy_bc = 0.782890209033 +- 0.205819074134
accuracy_fc = 0.583225552427 +- 0.0788136610936

