./data/OUTPUT/SCHOOL/herndon_updated//./data/INPUT/IMGs/SCHOOL/herndon_updated.png
accuracy_bc = 0.787867402444 +- 0.203434223888
accuracy_bc_pixels = 0.845673495804
accuracy_fc = 0.861636963563 +- 0.0227849543356
accuracy_fc_pixels = 0.904142727451

