./data/OUTPUT/SCHOOLGT/south_mountain_school_1_updated//./data/INPUT/IMGs/SCHOOLGT/south_mountain_school_1_updated.png
accuracy_bc = 0.53053094541 +- 0.314057824097
accuracy_fc = 0.446848016157 +- 0.0799265531464

