./data/OUTPUT/SURVEYGT/Freiburg101_scan//./data/INPUT/IMGs/SURVEYGT/Freiburg101_scan.png
accuracy_bc = 0.829987310173 +- 0.168002310161
accuracy_fc = 0.738034677148 +- 0.0550874668523

