./data/OUTPUT/SURVEY/office_h//./data/INPUT/IMGs/SURVEY/office_h.png
accuracy_bc = 0.920320297744 +- 0.0589786490956
accuracy_fc = 0.81559670876 +- 0.0876655588343

