./data/OUTPUT/SCHOOL/west_asheville_updated//./data/INPUT/IMGs/SCHOOL/west_asheville_updated.png
accuracy_bc = 0.535357098876 +- 0.349901434082
accuracy_fc = 0.303356893049 +- 0.109279271104

