./data/OUTPUT/SCHOOL/bronxville_updated//./data/INPUT/IMGs/SCHOOL/bronxville_updated.png
accuracy_bc = 0.84058905322 +- 0.133956559554
accuracy_bc_pixels = 0.878045880965
accuracy_fc = 0.833604075062 +- 0.0289389892037
accuracy_fc_pixels = 0.807674346485

