./data/OUTPUT/SCHOOLGT/south_mountain_school_2_updated//./data/INPUT/IMGs/SCHOOLGT/south_mountain_school_2_updated.png
accuracy_bc = 0.547274527994 +- 0.235700685429
accuracy_fc = 0.381557829243 +- 0.0725431032636

