./data/OUTPUT/SURVEY/office_a//./data/INPUT/IMGs/SURVEY/office_a.png
accuracy_bc = 0.95439095802 +- 0.0466523949265
accuracy_fc = 0.899451214014 +- 0.0251856244066

