./data/OUTPUT/SURVEYGT/lab_ipa//./data/INPUT/IMGs/SURVEYGT/lab_ipa.png
accuracy_bc = 0.564901577474 +- 0.243434184712
accuracy_fc = 0.786587329464 +- 0.0256899237182

