./data/OUTPUT/SCHOOL/plans2_updated//./data/INPUT/IMGs/SCHOOL/plans2_updated.png
accuracy_bc = 0.902054938452 +- 0.0984360834968
accuracy_bc_pixels = 0.934418074664
accuracy_fc = 0.925897272951 +- 0.0081430946043
accuracy_fc_pixels = 0.963434185281

