./data/OUTPUT/SCHOOL/scuola_sconosciuta_3_updated//./data/INPUT/IMGs/SCHOOL/scuola_sconosciuta_3_updated.png
accuracy_bc = 0.849264503059 +- 0.209735311583
accuracy_bc_pixels = 0.921772133611
accuracy_fc = 0.922480364342 +- 0.00851882209021
accuracy_fc_pixels = 0.944628035199

