./data/OUTPUT/SURVEYGT/NLB//./data/INPUT/IMGs/SURVEYGT/NLB.png
accuracy_bc = 0.917430237677 +- 0.0888625412751
accuracy_fc = 0.862740094062 +- 0.026646095531

