./data/OUTPUT/SCHOOLGT/Valleceppi_P0_updated//./data/INPUT/IMGs/SCHOOLGT/Valleceppi_P0_updated.png
accuracy_bc = 0.584714651884 +- 0.246784989269
accuracy_fc = 0.690191056675 +- 0.0600789399645

