./data/OUTPUT/SCHOOL/sidneyriver_updated//./data/INPUT/IMGs/SCHOOL/sidneyriver_updated.png
accuracy_bc = 0.852338302423 +- 0.15149389605
accuracy_bc_pixels = 0.864516192273
accuracy_fc = 0.926405723208 +- 0.00948569661587
accuracy_fc_pixels = 0.951671776603

