./data/OUTPUT/SURVEYGT/lab_c_scan//./data/INPUT/IMGs/SURVEYGT/lab_c_scan.png
accuracy_bc = 0.830438859429 +- 0.190027892697
accuracy_fc = 0.843566698102 +- 0.0250691852102

