./data/OUTPUT/SURVEY/lab_a_scan//./data/INPUT/IMGs/SURVEY/lab_a_scan.png
accuracy_bc = 0.881304232643 +- 0.153588555952
accuracy_fc = 0.786468246554 +- 0.0480760181341

