./data/OUTPUT/SCHOOLD/south_mountain_school_2_updated//./data/INPUT/IMGs/SCHOOLD/south_mountain_school_2_updated.png
accuracy_bc = 0.569001382561 +- 0.247466796996
accuracy_fc = 0.356011479217 +- 0.0918403006196

