./data/OUTPUT/SCHOOL/west_asheville_updated//./data/INPUT/IMGs/SCHOOL/west_asheville_updated.png
accuracy_bc = 0.746782415387 +- 0.179762409538
accuracy_bc_pixels = 0.866461139897
accuracy_fc = 0.742578165672 +- 0.0331049882632
accuracy_fc_pixels = 0.765451345708

