./data/OUTPUT/SURVEYGT/office_a//./data/INPUT/IMGs/SURVEYGT/office_a.png
accuracy_bc = 0.948186136733 +- 0.0447977752692
accuracy_fc = 0.891419297509 +- 0.0332816260604

