./data/OUTPUT/SCHOOL/battle_creekhs_2_updated//./data/INPUT/IMGs/SCHOOL/battle_creekhs_2_updated.png
accuracy_bc = 0.881191175663 +- 0.114715981654
accuracy_bc_pixels = 0.877412961091
accuracy_fc = 0.919176119782 +- 0.0149321191269
accuracy_fc_pixels = 0.946747119204

