./data/OUTPUT/SCHOOL/herndon_updated//./data/INPUT/IMGs/SCHOOL/herndon_updated.png
accuracy_bc = 0.860433967147 +- 0.169002080457
accuracy_bc_pixels = 0.908439892706
accuracy_fc = 0.896326075179 +- 0.016338243753
accuracy_fc_pixels = 0.919103430134

