./data/OUTPUT/SCHOOLGT/battle_creekhs_2_updated//./data/INPUT/IMGs/SCHOOLGT/battle_creekhs_2_updated.png
accuracy_bc = 0.490152722048 +- 0.300539304888
accuracy_fc = 0.443205402036 +- 0.107270959734

