./data/OUTPUT/SCHOOL/Valleceppi_P0_updated//./data/INPUT/IMGs/SCHOOL/Valleceppi_P0_updated.png
accuracy_bc = 0.848543293534 +- 0.193496713709
accuracy_bc_pixels = 0.823332410777
accuracy_fc = 0.880236073127 +- 0.00972177694977
accuracy_fc_pixels = 0.92686427735

