./data/OUTPUT/SCHOOLGT/scuola_sconosciuta_3_updated//./data/INPUT/IMGs/SCHOOLGT/scuola_sconosciuta_3_updated.png
accuracy_bc = 0.469496004606 +- 0.223705603224
accuracy_fc = 0.417643954945 +- 0.0785433428031

