./data/OUTPUT/SCHOOLD/Sicurezza_1_updated//./data/INPUT/IMGs/SCHOOLD/Sicurezza_1_updated.png
accuracy_bc = 0.542226329596 +- 0.301947760855
accuracy_fc = 0.258277941933 +- 0.0821193044649

