./data/OUTPUT/SCHOOL/herndon_updated//./data/INPUT/IMGs/SCHOOL/herndon_updated.png
accuracy_bc = 0.61166126249 +- 0.2719801714
accuracy_fc = 0.427040426802 +- 0.092310726011

