./data/OUTPUT/SURVEY/lab_intel//./data/INPUT/IMGs/SURVEY/lab_intel.png
accuracy_bc = 0.797132589517 +- 0.204059408481
accuracy_fc = 0.590314115433 +- 0.07659149473

