./data/OUTPUT/SCHOOL/indian_head_updated//./data/INPUT/IMGs/SCHOOL/indian_head_updated.png
accuracy_bc = 0.710850789369 +- 0.194996231719
accuracy_fc = 0.299509193794 +- 0.142152450886

