./data/OUTPUT/SCHOOL/scuola_sconosciuta_updated//./data/INPUT/IMGs/SCHOOL/scuola_sconosciuta_updated.png
accuracy_bc = 0.711774795424 +- 0.278980521677
accuracy_fc = 0.581292032618 +- 0.108956209402

