./data/OUTPUT/SCHOOL/putnam_junior_high_updated//./data/INPUT/IMGs/SCHOOL/putnam_junior_high_updated.png
accuracy_bc = 0.785374483279 +- 0.160318893228
accuracy_bc_pixels = 0.843126101209
accuracy_fc = 0.866037784768 +- 0.0248137485152
accuracy_fc_pixels = 0.903795897259

