./data/OUTPUT/SCHOOLGT/sidneyriver_updated//./data/INPUT/IMGs/SCHOOLGT/sidneyriver_updated.png
accuracy_bc = 0.632476474811 +- 0.300142382471
accuracy_fc = 0.389202879965 +- 0.146033715269

