./data/OUTPUT/SCHOOL/Sicurezza_1_updated//./data/INPUT/IMGs/SCHOOL/Sicurezza_1_updated.png
accuracy_bc = 0.810877808354 +- 0.143277569879
accuracy_bc_pixels = 0.830446282846
accuracy_fc = 0.818618983631 +- 0.0350874069036
accuracy_fc_pixels = 0.889135957621

