./data/OUTPUT/SCHOOL/south_mountain_school_1_updated//./data/INPUT/IMGs/SCHOOL/south_mountain_school_1_updated.png
accuracy_bc = 0.784130345277 +- 0.293070695819
accuracy_bc_pixels = 0.917393502154
accuracy_fc = 0.856674094604 +- 0.0237502709279
accuracy_fc_pixels = 0.934987915367

