./data/OUTPUT/SCHOOLD/scuola_sconosciuta_3_updated//./data/INPUT/IMGs/SCHOOLD/scuola_sconosciuta_3_updated.png
accuracy_bc = 0.43028743908 +- 0.253896569395
accuracy_fc = 0.509618600797 +- 0.0499405943481

