./data/OUTPUT/SCHOOLD/UMTD_School_Floorplan_updated//./data/INPUT/IMGs/SCHOOLD/UMTD_School_Floorplan_updated.png
accuracy_bc = 0.738898113164 +- 0.229149094666
accuracy_fc = 0.644670543138 +- 0.101522319508

