./data/OUTPUT/SCHOOL/bronxville_updated//./data/INPUT/IMGs/SCHOOL/bronxville_updated.png
accuracy_bc = 0.76351886173 +- 0.169820676652
accuracy_bc_pixels = 0.773723536485
accuracy_fc = 0.797802524821 +- 0.022243954975
accuracy_fc_pixels = 0.841009891715

