./data/OUTPUT/SCHOOL/putnam_junior_high_updated//./data/INPUT/IMGs/SCHOOL/putnam_junior_high_updated.png
accuracy_bc = 0.498958906568 +- 0.241682450703
accuracy_fc = 0.335497883935 +- 0.0908922481835

