./data/OUTPUT/SURVEY/office_e//./data/INPUT/IMGs/SURVEY/office_e.png
accuracy_bc = 0.996003893686 +- 0.0117159286281
accuracy_fc = 0.634740272093 +- 0.185388533507

