./data/OUTPUT/SURVEY/office_f//./data/INPUT/IMGs/SURVEY/office_f.png
accuracy_bc = 0.950470925187 +- 0.028561896861
accuracy_fc = 0.917394345774 +- 0.0368527778779

