./data/OUTPUT/SCHOOLD/west_asheville_updated//./data/INPUT/IMGs/SCHOOLD/west_asheville_updated.png
accuracy_bc = 0.570515566199 +- 0.366251375086
accuracy_fc = 0.345486152856 +- 0.145586871211

