./data/OUTPUT/SCHOOLGT/UMTD_School_Floorplan_updated//./data/INPUT/IMGs/SCHOOLGT/UMTD_School_Floorplan_updated.png
accuracy_bc = 0.708541827997 +- 0.237237315628
accuracy_fc = 0.636926629567 +- 0.0938954532954

