./data/OUTPUT/SCHOOL/west_asheville_updated//./data/INPUT/IMGs/SCHOOL/west_asheville_updated.png
accuracy_bc = 0.519329749954 +- 0.342893728163
accuracy_fc = 0.339583512079 +- 0.115950718441

