./data/OUTPUT/SCHOOL/west_asheville_updated//./data/INPUT/IMGs/SCHOOL/west_asheville_updated.png
accuracy_bc = 0.816519893135 +- 0.157255945747
accuracy_bc_pixels = 0.852952572568
accuracy_fc = 0.794101981631 +- 0.027696887871
accuracy_fc_pixels = 0.798799909389

