./data/OUTPUT/SURVEY/Freiburg79_scan2//./data/INPUT/IMGs/SURVEY/Freiburg79_scan2.png
accuracy_bc = 0.920090805016 +- 0.0876534048689
accuracy_fc = 0.945686123355 +- 0.00200417495459

