./data/OUTPUT/SCHOOL/plans2_updated//./data/INPUT/IMGs/SCHOOL/plans2_updated.png
accuracy_bc = 0.865726795384 +- 0.120806966498
accuracy_bc_pixels = 0.897827278509
accuracy_fc = 0.906767427234 +- 0.0115287760117
accuracy_fc_pixels = 0.938301891065

