./data/OUTPUT/SURVEYGT/lab_intel//./data/INPUT/IMGs/SURVEYGT/lab_intel.png
accuracy_bc = 0.79971213472 +- 0.193246634022
accuracy_fc = 0.640867303042 +- 0.0756928204838

