./data/OUTPUT/SURVEYGT/office_b//./data/INPUT/IMGs/SURVEYGT/office_b.png
accuracy_bc = 0.922701550817 +- 0.0561562626888
accuracy_fc = 0.853744309554 +- 0.0220901886559

