./data/OUTPUT/SURVEY/NLB//./data/INPUT/IMGs/SURVEY/NLB.png
accuracy_bc = 0.875158806034 +- 0.17804477578
accuracy_fc = 0.800223643709 +- 0.0377725470018

