./data/OUTPUT/SCHOOL/Valleceppi_P0_updated//./data/INPUT/IMGs/SCHOOL/Valleceppi_P0_updated.png
accuracy_bc = 0.863416814313 +- 0.115884064864
accuracy_bc_pixels = 0.868264907542
accuracy_fc = 0.900907035622 +- 0.00536165557158
accuracy_fc_pixels = 0.938041812856

