./data/OUTPUT/SCHOOL/Valleceppi_P1_updated//./data/INPUT/IMGs/SCHOOL/Valleceppi_P1_updated.png
accuracy_bc = 0.724111117425 +- 0.186674024042
accuracy_fc = 0.748800241385 +- 0.0267546989567

