./data/OUTPUT/SCHOOLD/sidneyriver_updated//./data/INPUT/IMGs/SCHOOLD/sidneyriver_updated.png
accuracy_bc = 0.624520343591 +- 0.308575359816
accuracy_fc = 0.400982580831 +- 0.149591192108

