./data/OUTPUT/SURVEY/Freiburg79_scan2//./data/INPUT/IMGs/SURVEY/Freiburg79_scan2.png
accuracy_bc = 0.952111640646 +- 0.0281883555883
accuracy_fc = 0.948924714242 +- 0.0036620522229

