./data/OUTPUT/SCHOOL/UMTD_School_Floorplan_updated//./data/INPUT/IMGs/SCHOOL/UMTD_School_Floorplan_updated.png
accuracy_bc = 0.805762332989 +- 0.175477639323
accuracy_bc_pixels = 0.895592530347
accuracy_fc = 0.8370847999 +- 0.0276711875503
accuracy_fc_pixels = 0.917260965165

