./data/OUTPUT/SCHOOLGT/herndon_updated//./data/INPUT/IMGs/SCHOOLGT/herndon_updated.png
accuracy_bc = 0.575734536253 +- 0.317293577899
accuracy_fc = 0.467594925286 +- 0.12512240016

