./data/OUTPUT/SURVEYGT/Freiburg52_scan//./data/INPUT/IMGs/SURVEYGT/Freiburg52_scan.png
accuracy_bc = 0.939024504672 +- 0.0419366128429
accuracy_fc = 0.950435395523 +- 0.000994138215424

