./data/OUTPUT/SCHOOLGT/rock_island_second_floor_updated//./data/INPUT/IMGs/SCHOOLGT/rock_island_second_floor_updated.png
accuracy_bc = 0.861537435878 +- 0.108665642138
accuracy_fc = 0.743381956755 +- 0.0507254552161

