./data/OUTPUT/SCHOOL/scuola_sconosciuta_3_updated//./data/INPUT/IMGs/SCHOOL/scuola_sconosciuta_3_updated.png
accuracy_bc = 0.79868733789 +- 0.272464782385
accuracy_bc_pixels = 0.907849180172
accuracy_fc = 0.940456421377 +- 0.0028369419206
accuracy_fc_pixels = 0.953476899803

