./data/OUTPUT/SURVEY/office_a//./data/INPUT/IMGs/SURVEY/office_a.png
accuracy_bc = 0.933918103745 +- 0.0475207806433
accuracy_fc = 0.903584101265 +- 0.0243660892261

