./data/OUTPUT/SURVEY/lab_c_scan//./data/INPUT/IMGs/SURVEY/lab_c_scan.png
accuracy_bc = 0.917176551485 +- 0.115961909616
accuracy_fc = 0.80257341782 +- 0.0389332606595

