./data/OUTPUT/SCHOOLGT/cunningham2f_updated//./data/INPUT/IMGs/SCHOOLGT/cunningham2f_updated.png
accuracy_bc = 0.687046309811 +- 0.240703972886
accuracy_fc = 0.501028010699 +- 0.0244383185897

