./data/OUTPUT/SCHOOLD/scuola_sconosciuta_3_updated//./data/INPUT/IMGs/SCHOOLD/scuola_sconosciuta_3_updated.png
accuracy_bc = 0.447070863118 +- 0.212020264973
accuracy_fc = 0.496908595016 +- 0.0756212179155

