./data/OUTPUT/SCHOOLD/south_mountain_school_2_updated//./data/INPUT/IMGs/SCHOOLD/south_mountain_school_2_updated.png
accuracy_bc = 0.522152782386 +- 0.202659562199
accuracy_fc = 0.352053832916 +- 0.048474805366

