./data/OUTPUT/SCHOOLD/Valleceppi_P0_updated//./data/INPUT/IMGs/SCHOOLD/Valleceppi_P0_updated.png
accuracy_bc = 0.675931601423 +- 0.244958581061
accuracy_fc = 0.663785621315 +- 0.063577093914

