./data/OUTPUT/SCHOOL/herndon_updated//./data/INPUT/IMGs/SCHOOL/herndon_updated.png
accuracy_bc = 0.593796400356 +- 0.288624641503
accuracy_fc = 0.410659190957 +- 0.0925953601156

