./data/OUTPUT/SURVEY/lab_intel//./data/INPUT/IMGs/SURVEY/lab_intel.png
accuracy_bc = 0.737465237339 +- 0.222187474934
accuracy_fc = 0.575294421804 +- 0.0685389019314

