./data/OUTPUT/SCHOOL/plans2_updated//./data/INPUT/IMGs/SCHOOL/plans2_updated.png
accuracy_bc = 0.870202112261 +- 0.128812974291
accuracy_bc_pixels = 0.906093405777
accuracy_fc = 0.926813413148 +- 0.00974975968473
accuracy_fc_pixels = 0.949191668513

