./data/OUTPUT/SCHOOL/UMTD_School_Floorplan_updated//./data/INPUT/IMGs/SCHOOL/UMTD_School_Floorplan_updated.png
accuracy_bc = 0.877503337899 +- 0.0691580178441
accuracy_bc_pixels = 0.923245531935
accuracy_fc = 0.863699141062 +- 0.0295235559358
accuracy_fc_pixels = 0.918331775893

