./data/OUTPUT/SCHOOL/sidneyriver_updated//./data/INPUT/IMGs/SCHOOL/sidneyriver_updated.png
accuracy_bc = 0.876744847975 +- 0.113421098098
accuracy_bc_pixels = 0.880388868952
accuracy_fc = 0.893389019475 +- 0.0223770771518
accuracy_fc_pixels = 0.910069053069

