./data/OUTPUT/SCHOOLD/south_mountain_school_1_updated//./data/INPUT/IMGs/SCHOOLD/south_mountain_school_1_updated.png
accuracy_bc = 0.655921337073 +- 0.269004841175
accuracy_fc = 0.503963128993 +- 0.0754140450861

