./data/OUTPUT/SURVEYGT/lab_ipa//./data/INPUT/IMGs/SURVEYGT/lab_ipa.png
accuracy_bc = 0.557134635955 +- 0.242789826671
accuracy_fc = 0.658720556618 +- 0.0901845437121

