./data/OUTPUT/SCHOOL/Valleceppi_P1_updated//./data/INPUT/IMGs/SCHOOL/Valleceppi_P1_updated.png
accuracy_bc = 0.90861078607 +- 0.0627139340556
accuracy_bc_pixels = 0.906574421339
accuracy_fc = 0.924655105433 +- 0.00700843936641
accuracy_fc_pixels = 0.959546914668

