./data/OUTPUT/SCHOOLD/west_asheville_updated//./data/INPUT/IMGs/SCHOOLD/west_asheville_updated.png
accuracy_bc = 0.554785045373 +- 0.360988218017
accuracy_fc = 0.346873087409 +- 0.149999059205

