./data/OUTPUT/SURVEYGT/Freiburg52_scan//./data/INPUT/IMGs/SURVEYGT/Freiburg52_scan.png
accuracy_bc = 0.930221824131 +- 0.0518268634368
accuracy_fc = 0.94330949485 +- 0.00191883159198

