./data/OUTPUT/SURVEY/NLB//./data/INPUT/IMGs/SURVEY/NLB.png
accuracy_bc = 0.856583940721 +- 0.185334661595
accuracy_fc = 0.79488406392 +- 0.035969891772

