./data/OUTPUT/SURVEYGT/office_a//./data/INPUT/IMGs/SURVEYGT/office_a.png
accuracy_bc = 0.95223866122 +- 0.0357309222142
accuracy_fc = 0.906944991488 +- 0.0289065159423

