./data/OUTPUT/SCHOOLD/battle_creekhs_2_updated//./data/INPUT/IMGs/SCHOOLD/battle_creekhs_2_updated.png
accuracy_bc = 0.503688446341 +- 0.285473689691
accuracy_fc = 0.447718812293 +- 0.111261623495

