./data/OUTPUT/SCHOOL/henderson_high_school_updated//./data/INPUT/IMGs/SCHOOL/henderson_high_school_updated.png
accuracy_bc = 0.765112290206 +- 0.202914211533
accuracy_bc_pixels = 0.841320924057
accuracy_fc = 0.651001028838 +- 0.0367244695585
accuracy_fc_pixels = 0.707329666759

