./data/OUTPUT/SCHOOL/UMTD_School_Floorplan_updated//./data/INPUT/IMGs/SCHOOL/UMTD_School_Floorplan_updated.png
accuracy_bc = 0.836574782607 +- 0.0959490228198
accuracy_bc_pixels = 0.902662340316
accuracy_fc = 0.860878501484 +- 0.0231327231665
accuracy_fc_pixels = 0.924126790975

