./data/OUTPUT/SURVEYGT/NLB//./data/INPUT/IMGs/SURVEYGT/NLB.png
accuracy_bc = 0.852069084234 +- 0.167076326802
accuracy_fc = 0.810437227688 +- 0.0316091390303

