./data/OUTPUT/SCHOOL/battle_creekhs_2_updated//./data/INPUT/IMGs/SCHOOL/battle_creekhs_2_updated.png
accuracy_bc = 0.88475687936 +- 0.0956417790891
accuracy_bc_pixels = 0.880453670683
accuracy_fc = 0.915806290148 +- 0.0151479231953
accuracy_fc_pixels = 0.945342863513

