./data/OUTPUT/SCHOOLD/cunningham2f_updated//./data/INPUT/IMGs/SCHOOLD/cunningham2f_updated.png
accuracy_bc = 0.630070963925 +- 0.262875817879
accuracy_fc = 0.478586897837 +- 0.0335049178093

