./data/OUTPUT/SCHOOLGT/sidneyriver_updated//./data/INPUT/IMGs/SCHOOLGT/sidneyriver_updated.png
accuracy_bc = 0.534289323348 +- 0.353184932741
accuracy_fc = 0.376237942876 +- 0.147163047367

