./data/OUTPUT/SURVEYGT/office_f//./data/INPUT/IMGs/SURVEYGT/office_f.png
accuracy_bc = 0.860034155326 +- 0.167103204593
accuracy_fc = 0.888947474021 +- 0.00911770462059

