accuracy_bc = 0.817132859866
accuracy_bc_pixels = 0.864028681092
accuracy_fc = 0.851590917572
accuracy_fc_pixels = 0.892211613164

