./data/OUTPUT/SURVEY/NLB//./data/INPUT/IMGs/SURVEY/NLB.png
accuracy_bc = 0.886224921101 +- 0.165750801364
accuracy_fc = 0.804360848033 +- 0.0437248896548

