./data/OUTPUT/SURVEY/lab_a_scan//./data/INPUT/IMGs/SURVEY/lab_a_scan.png
accuracy_bc = 0.859311345531 +- 0.16309987904
accuracy_fc = 0.760900196351 +- 0.0434445514012

