./data/OUTPUT/SCHOOL/cunningham2f_updated//./data/INPUT/IMGs/SCHOOL/cunningham2f_updated.png
accuracy_bc = 0.708291156898 +- 0.2154589575
accuracy_fc = 0.533435032181 +- 0.039966196576

