./data/OUTPUT/SURVEY/office_c//./data/INPUT/IMGs/SURVEY/office_c.png
accuracy_bc = 0.605000017695 +- 0.445096920208
accuracy_fc = 0.874592807559 +- 0.0468891618275

