./data/OUTPUT/SURVEYGT/Freiburg79_scan2//./data/INPUT/IMGs/SURVEYGT/Freiburg79_scan2.png
accuracy_bc = 0.603875302049 +- 0.12632727016
accuracy_fc = 0.725598149164 +- 0.0241625449258

