./data/OUTPUT/SCHOOLD/putnam_junior_high_updated//./data/INPUT/IMGs/SCHOOLD/putnam_junior_high_updated.png
accuracy_bc = 0.691978616645 +- 0.303863959478
accuracy_fc = 0.340570571521 +- 0.0901720025949

