./data/OUTPUT/SCHOOL/bronxville_updated//./data/INPUT/IMGs/SCHOOL/bronxville_updated.png
accuracy_bc = 0.705037226157 +- 0.247469841926
accuracy_bc_pixels = 0.745998653666
accuracy_fc = 0.7805926633 +- 0.0412804787009
accuracy_fc_pixels = 0.800201620743

