./data/OUTPUT/SCHOOLD/west_asheville_updated//./data/INPUT/IMGs/SCHOOLD/west_asheville_updated.png
accuracy_bc = 0.641046578899 +- 0.36140046829
accuracy_fc = 0.341023182013 +- 0.117061492775

