./data/OUTPUT/SCHOOL/rock_island_second_floor_updated//./data/INPUT/IMGs/SCHOOL/rock_island_second_floor_updated.png
accuracy_bc = 0.83227762241 +- 0.139950487739
accuracy_bc_pixels = 0.793320419431
accuracy_fc = 0.800662507773 +- 0.0270657083892
accuracy_fc_pixels = 0.799823740938

