./data/OUTPUT/SCHOOLGT/plans2_updated//./data/INPUT/IMGs/SCHOOLGT/plans2_updated.png
accuracy_bc = 0.597650156599 +- 0.172074138387
accuracy_fc = 0.62802596725 +- 0.0513174260992

