./data/OUTPUT/SCHOOL/bronxville_updated//./data/INPUT/IMGs/SCHOOL/bronxville_updated.png
accuracy_bc = 0.607348809608 +- 0.345275194545
accuracy_fc = 0.0886716498019 +- 0.0212987286107

