./data/OUTPUT/SCHOOL/bronxville_updated//./data/INPUT/IMGs/SCHOOL/bronxville_updated.png
accuracy_bc = 0.706386273977 +- 0.223763683419
accuracy_bc_pixels = 0.747533023428
accuracy_fc = 0.808231994254 +- 0.0250705163758
accuracy_fc_pixels = 0.825629595457

