./data/OUTPUT/SURVEY/office_a//./data/INPUT/IMGs/SURVEY/office_a.png
accuracy_bc = 0.960915261716 +- 0.036368518638
accuracy_fc = 0.841209760414 +- 0.0824287800453

