./data/OUTPUT/SCHOOLD/south_mountain_school_1_updated//./data/INPUT/IMGs/SCHOOLD/south_mountain_school_1_updated.png
accuracy_bc = 0.665656909921 +- 0.264986334009
accuracy_fc = 0.530047601056 +- 0.0487235802118

