./data/OUTPUT/SCHOOLD/cunningham2f_updated//./data/INPUT/IMGs/SCHOOLD/cunningham2f_updated.png
accuracy_bc = 0.680909432833 +- 0.189995215116
accuracy_fc = 0.60426705928 +- 0.0572319940092

