./data/OUTPUT/SCHOOL/henderson_high_school_updated//./data/INPUT/IMGs/SCHOOL/henderson_high_school_updated.png
accuracy_bc = 0.811359507307 +- 0.155068680877
accuracy_bc_pixels = 0.864044958151
accuracy_fc = 0.754398496557 +- 0.030693169934
accuracy_fc_pixels = 0.791248380474

