accuracy_bc = 0.814880607267
accuracy_bc_pixels = 0.838947755793
accuracy_fc = 0.857858961364
accuracy_fc_pixels = 0.899638635593

