./data/OUTPUT/SCHOOL/Sicurezza_1_updated//./data/INPUT/IMGs/SCHOOL/Sicurezza_1_updated.png
accuracy_bc = 0.663422172079 +- 0.300275408116
accuracy_fc = 0.329665328314 +- 0.0896862218527

