./data/OUTPUT/SCHOOL/south_mountain_school_1_updated//./data/INPUT/IMGs/SCHOOL/south_mountain_school_1_updated.png
accuracy_bc = 0.821277334352 +- 0.23108674301
accuracy_bc_pixels = 0.920161906073
accuracy_fc = 0.850004247807 +- 0.0241187816184
accuracy_fc_pixels = 0.923168545441

