./data/OUTPUT/SURVEY/lab_ipa//./data/INPUT/IMGs/SURVEY/lab_ipa.png
accuracy_bc = 0.695686591215 +- 0.232023950961
accuracy_fc = 0.596392909097 +- 0.105436520942

