./data/OUTPUT/SCHOOL/scuola_sconosciuta_3_updated//./data/INPUT/IMGs/SCHOOL/scuola_sconosciuta_3_updated.png
accuracy_bc = 0.361072758623 +- 0.227107097864
accuracy_fc = 0.465587952852 +- 0.07988475222

