./data/OUTPUT/SCHOOL/henderson_high_school_updated//./data/INPUT/IMGs/SCHOOL/henderson_high_school_updated.png
accuracy_bc = 0.763115916869 +- 0.180058390459
accuracy_bc_pixels = 0.849465796626
accuracy_fc = 0.802418995528 +- 0.0305339544792
accuracy_fc_pixels = 0.876431230653

