./data/OUTPUT/SCHOOL/indian_head_updated//./data/INPUT/IMGs/SCHOOL/indian_head_updated.png
accuracy_bc = 0.852974790768 +- 0.113265682317
accuracy_bc_pixels = 0.865330934082
accuracy_fc = 0.841828435378 +- 0.0174733811666
accuracy_fc_pixels = 0.750435585802

