./data/OUTPUT/SURVEY/office_i//./data/INPUT/IMGs/SURVEY/office_i.png
accuracy_bc = 0.921751474408 +- 0.174177693691
accuracy_fc = 0.776246526645 +- 0.131746289675

