./data/OUTPUT/SURVEY/office_c//./data/INPUT/IMGs/SURVEY/office_c.png
accuracy_bc = 0.611743097954 +- 0.4340001191
accuracy_fc = 0.863436886057 +- 0.0389545613379

