./data/OUTPUT/SCHOOLD/henderson_high_school_updated//./data/INPUT/IMGs/SCHOOLD/henderson_high_school_updated.png
accuracy_bc = 0.740489970976 +- 0.322853875121
accuracy_fc = 0.401279950909 +- 0.152346295762

