./data/OUTPUT/PARZIALI/Valleceppi_P0_updated82//./data/INPUT/IMGs/PARZIALI/Valleceppi_P0_updated82.png
n_configurazione = 23
perc_mappa_bwd = 85.7109586742%
perc_mappa_fwd = 70.1515395363%
perc_GT_bwd = 50.1791571105%
perc_GT_fwd = 41.0699539287%

------------------------
 informazioni stanza parziale
id_della_stanza_XML_GT = e6c80f54-a553-4a09-a2a2-be3089d67f81
id_della_stanza_XML_predizione = 2b765728-dcb3-11e6-b71b-b8e8564ab620
area_predetta = 0
area_vera= 45843.5457794
area_vera_esplorata = 38392.6698973
percentuale_area_vera_esplorata = 83.7471649379
percentuale_area_totale_ambiente_esplorata_bwd = 50.1791571105
percentuale_area_totale_ambiente_esplorata_fwd = 41.0699539287
percentuale_matching_mappa_bwd = 85.7109586742
percentuale_matching_mappa_fwd = 70.1515395363
area_intersezione_tra_stanza_originale_e_stanza_predetta = 32365.8299408
------------------------
 informazioni stanza parziale
id_della_stanza_XML_GT = d3c47541-2039-49d0-8472-4c0c55b619b5
id_della_stanza_XML_predizione = 2b76568a-dcb3-11e6-a16e-b8e8564ab620
area_predetta = 3481.98781015
area_vera= 41994.59201
area_vera_esplorata = 37822.437137
percentuale_area_vera_esplorata = 90.0650186767
percentuale_area_totale_ambiente_esplorata_bwd = 50.1791571105
percentuale_area_totale_ambiente_esplorata_fwd = 41.0699539287
percentuale_matching_mappa_bwd = 85.7109586742
percentuale_matching_mappa_fwd = 70.1515395363
area_intersezione_tra_stanza_originale_e_stanza_predetta = 35921.6718347
