./data/OUTPUT/SCHOOLGT/henderson_high_school_updated//./data/INPUT/IMGs/SCHOOLGT/henderson_high_school_updated.png
accuracy_bc = 0.733812497982 +- 0.306056081689
accuracy_fc = 0.407764215435 +- 0.161945893428

