./data/OUTPUT/SURVEY/office_g//./data/INPUT/IMGs/SURVEY/office_g.png
accuracy_bc = 0.884727530114 +- 0.0493050740997
accuracy_fc = 0.887416166158 +- 0.0231827038375

