./data/OUTPUT/SCHOOLGT/putnam_junior_high_updated//./data/INPUT/IMGs/SCHOOLGT/putnam_junior_high_updated.png
accuracy_bc = 0.499937646438 +- 0.258971712475
accuracy_fc = 0.381837910681 +- 0.0958179882785

