./data/OUTPUT/SCHOOL/putnam_junior_high_updated//./data/INPUT/IMGs/SCHOOL/putnam_junior_high_updated.png
accuracy_bc = 0.461600729603 +- 0.257085189481
accuracy_fc = 0.346466053178 +- 0.0938519927814

