./data/OUTPUT/SURVEYGT/office_e//./data/INPUT/IMGs/SURVEYGT/office_e.png
accuracy_bc = 0.870593700059 +- 0.24603175481
accuracy_fc = 0.54084282903 +- 0.142288710663

