./data/OUTPUT/SURVEY/office_g//./data/INPUT/IMGs/SURVEY/office_g.png
accuracy_bc = 0.90794246793 +- 0.0440284219429
accuracy_fc = 0.895899172554 +- 0.0306820826301

