./data/OUTPUT/SCHOOLD/UMTD_School_Floorplan_updated//./data/INPUT/IMGs/SCHOOLD/UMTD_School_Floorplan_updated.png
accuracy_bc = 0.695928492217 +- 0.244960024071
accuracy_fc = 0.644705847745 +- 0.0926866675301

