./data/OUTPUT/SCHOOL/scuola_sconosciuta_3_updated//./data/INPUT/IMGs/SCHOOL/scuola_sconosciuta_3_updated.png
accuracy_bc = 0.850997854503 +- 0.219503708541
accuracy_bc_pixels = 0.920856127172
accuracy_fc = 0.947126216647 +- 0.00179376770417
accuracy_fc_pixels = 0.945700284874

