./data/OUTPUT/SCHOOLD/cunningham2f_updated//./data/INPUT/IMGs/SCHOOLD/cunningham2f_updated.png
accuracy_bc = 0.692571331109 +- 0.189744387198
accuracy_fc = 0.574677029665 +- 0.0520975297275

