./data/OUTPUT/SCHOOL/UMTD_School_Floorplan_updated//./data/INPUT/IMGs/SCHOOL/UMTD_School_Floorplan_updated.png
accuracy_bc = 0.739319426644 +- 0.200747834194
accuracy_fc = 0.639429481195 +- 0.0983975474631

