./data/OUTPUT/SCHOOL/battle_creekhs_2_updated//./data/INPUT/IMGs/SCHOOL/battle_creekhs_2_updated.png
accuracy_bc = 0.848348290723 +- 0.130142138389
accuracy_bc_pixels = 0.813197536487
accuracy_fc = 0.938966875842 +- 0.00475784113901
accuracy_fc_pixels = 0.947537922893

