./data/OUTPUT/SURVEYGT/lab_d_scan//./data/INPUT/IMGs/SURVEYGT/lab_d_scan.png
accuracy_bc = 0.845200690716 +- 0.248811408222
accuracy_fc = 0.764790584459 +- 0.0820140798955

