./data/OUTPUT/SCHOOLGT/Valleceppi_P0_updated//./data/INPUT/IMGs/SCHOOLGT/Valleceppi_P0_updated.png
accuracy_bc = 0.57517948318 +- 0.261862967696
accuracy_fc = 0.669119561779 +- 0.0620466396699

