./data/OUTPUT/SURVEY/Freiburg52_scan//./data/INPUT/IMGs/SURVEY/Freiburg52_scan.png
accuracy_bc = 0.898757931692 +- 0.0742712980202
accuracy_fc = 0.918771662158 +- 0.0036210276229

