./data/OUTPUT/SCHOOL/rock_island_second_floor_updated//./data/INPUT/IMGs/SCHOOL/rock_island_second_floor_updated.png
accuracy_bc = 0.808194568648 +- 0.117141553416
accuracy_fc = 0.709715588426 +- 0.0546006206683

