./data/OUTPUT/SCHOOL/cunningham2f_updated//./data/INPUT/IMGs/SCHOOL/cunningham2f_updated.png
accuracy_bc = 0.707497041088 +- 0.18688288165
accuracy_fc = 0.565763804285 +- 0.0620313094905

