./data/OUTPUT/SCHOOL/henderson_high_school_updated//./data/INPUT/IMGs/SCHOOL/henderson_high_school_updated.png
accuracy_bc = 0.78114854492 +- 0.185726076875
accuracy_bc_pixels = 0.842712349721
accuracy_fc = 0.783392543382 +- 0.0279505929244
accuracy_fc_pixels = 0.818759266069

