./data/OUTPUT/SCHOOLD/rock_island_second_floor_updated//./data/INPUT/IMGs/SCHOOLD/rock_island_second_floor_updated.png
accuracy_bc = 0.837284873895 +- 0.0970763999184
accuracy_fc = 0.722080882016 +- 0.0572567889603

