./data/OUTPUT/SCHOOL/cunningham2f_updated//./data/INPUT/IMGs/SCHOOL/cunningham2f_updated.png
accuracy_bc = 0.867859698989 +- 0.12404738336
accuracy_bc_pixels = 0.863197013181
accuracy_fc = 0.891593519911 +- 0.0272103061454
accuracy_fc_pixels = 0.90935065492

