./data/OUTPUT/SCHOOL/rock_island_second_floor_updated//./data/INPUT/IMGs/SCHOOL/rock_island_second_floor_updated.png
accuracy_bc = 0.849876250917 +- 0.122141744784
accuracy_bc_pixels = 0.80214490138
accuracy_fc = 0.803602199508 +- 0.0331936506848
accuracy_fc_pixels = 0.841748529128

