./data/OUTPUT/SURVEYGT/office_c//./data/INPUT/IMGs/SURVEYGT/office_c.png
accuracy_bc = 0.940181353232 +- 0.0602849711573
accuracy_fc = 0.86621739266 +- 0.0292778253465

