./data/OUTPUT/SCHOOL/SKF_FloorPlan_updated//./data/INPUT/IMGs/SCHOOL/SKF_FloorPlan_updated.png
accuracy_bc = 0.723478339085 +- 0.160139710787
accuracy_bc_pixels = 0.837520664983
accuracy_fc = 0.770317350583 +- 0.0238267789319
accuracy_fc_pixels = 0.870281804982

