./data/OUTPUT/SURVEYGT/lab_a_scan//./data/INPUT/IMGs/SURVEYGT/lab_a_scan.png
accuracy_bc = 0.8819209887 +- 0.150390076693
accuracy_fc = 0.78998962095 +- 0.0498895843925

