./data/OUTPUT/SCHOOLGT/south_mountain_school_2_updated//./data/INPUT/IMGs/SCHOOLGT/south_mountain_school_2_updated.png
accuracy_bc = 0.547468231391 +- 0.223221005156
accuracy_fc = 0.420365796306 +- 0.095547580631

