./data/OUTPUT/SCHOOL/west_asheville_updated//./data/INPUT/IMGs/SCHOOL/west_asheville_updated.png
accuracy_bc = 0.810465726895 +- 0.211835902216
accuracy_bc_pixels = 0.880429925312
accuracy_fc = 0.839389437634 +- 0.0172856058417
accuracy_fc_pixels = 0.881172040127

