./data/OUTPUT/SURVEYGT/office_h//./data/INPUT/IMGs/SURVEYGT/office_h.png
accuracy_bc = 0.895253265441 +- 0.0299728391618
accuracy_fc = 0.826722364517 +- 0.0867113540149

