./data/OUTPUT/SCHOOLD/scuola_sconosciuta_3_updated//./data/INPUT/IMGs/SCHOOLD/scuola_sconosciuta_3_updated.png
accuracy_bc = 0.486030216762 +- 0.202554893447
accuracy_fc = 0.447909051276 +- 0.0667587851814

