./data/OUTPUT/SCHOOLD/south_mountain_school_2_updated//./data/INPUT/IMGs/SCHOOLD/south_mountain_school_2_updated.png
accuracy_bc = 0.558076055353 +- 0.244093969111
accuracy_fc = 0.33080203416 +- 0.0697901116222

