./data/OUTPUT/SURVEYGT/NLB//./data/INPUT/IMGs/SURVEYGT/NLB.png
accuracy_bc = 0.905971418363 +- 0.0973792964503
accuracy_fc = 0.853383959823 +- 0.028199259074

