./data/OUTPUT/SURVEYGT/office_e//./data/INPUT/IMGs/SURVEYGT/office_e.png
accuracy_bc = 0.827166665847 +- 0.304401877337
accuracy_fc = 0.520315032266 +- 0.12896912718

