./data/OUTPUT/SCHOOL/henderson_high_school_updated//./data/INPUT/IMGs/SCHOOL/henderson_high_school_updated.png
accuracy_bc = 0.76338371146 +- 0.332493414813
accuracy_fc = 0.350347228604 +- 0.149697098237

