./data/OUTPUT/SCHOOL/south_mountain_school_2_updated//./data/INPUT/IMGs/SCHOOL/south_mountain_school_2_updated.png
accuracy_bc = 0.815927768946 +- 0.160281805268
accuracy_bc_pixels = 0.818905070519
accuracy_fc = 0.884747935918 +- 0.0086199925404
accuracy_fc_pixels = 0.923007528722

