./data/OUTPUT/SCHOOLGT/sidneyriver_updated//./data/INPUT/IMGs/SCHOOLGT/sidneyriver_updated.png
accuracy_bc = 0.626393069913 +- 0.304856503223
accuracy_fc = 0.393660240886 +- 0.150574566263

