./data/OUTPUT/SURVEYGT/lab_a_scan//./data/INPUT/IMGs/SURVEYGT/lab_a_scan.png
accuracy_bc = 0.91858604651 +- 0.0681546493806
accuracy_fc = 0.839829719006 +- 0.040221596098

