./data/OUTPUT/SCHOOL/Valleceppi_P1_updated//./data/INPUT/IMGs/SCHOOL/Valleceppi_P1_updated.png
accuracy_bc = 0.873238886226 +- 0.109130107005
accuracy_bc_pixels = 0.872795052189
accuracy_fc = 0.911360779991 +- 0.010211291189
accuracy_fc_pixels = 0.95968397237

