./data/OUTPUT/SCHOOLGT/scuola_sconosciuta_3_updated//./data/INPUT/IMGs/SCHOOLGT/scuola_sconosciuta_3_updated.png
accuracy_bc = 0.471848001719 +- 0.266727118088
accuracy_fc = 0.420541089108 +- 0.0717556130878

