./data/OUTPUT/SURVEY/lab_ipa//./data/INPUT/IMGs/SURVEY/lab_ipa.png
accuracy_bc = 0.674834653725 +- 0.242482590169
accuracy_fc = 0.716866570619 +- 0.044868111706

