./data/OUTPUT/SURVEYGT/lab_intel//./data/INPUT/IMGs/SURVEYGT/lab_intel.png
accuracy_bc = 0.766591744675 +- 0.213589286294
accuracy_fc = 0.622183223193 +- 0.0722584062355

