./data/OUTPUT/SCHOOL/scuola_sconosciuta_3_updated//./data/INPUT/IMGs/SCHOOL/scuola_sconosciuta_3_updated.png
accuracy_bc = 0.395215805127 +- 0.209866455149
accuracy_fc = 0.530219768472 +- 0.0677882571943

