./data/OUTPUT/SCHOOL/indian_head_updated//./data/INPUT/IMGs/SCHOOL/indian_head_updated.png
accuracy_bc = 0.738958096586 +- 0.192796563861
accuracy_bc_pixels = 0.767909617074
accuracy_fc = 0.836483942832 +- 0.0298916912004
accuracy_fc_pixels = 0.897029619982

