./data/OUTPUT/SURVEYGT/office_d//./data/INPUT/IMGs/SURVEYGT/office_d.png
accuracy_bc = 0.882598074637 +- 0.116738622756
accuracy_fc = 0.849164486562 +- 0.0305532734881

