./data/OUTPUT/SCHOOLGT/Valleceppi_P1_updated//./data/INPUT/IMGs/SCHOOLGT/Valleceppi_P1_updated.png
accuracy_bc = 0.675824026212 +- 0.260867695287
accuracy_fc = 0.747201818721 +- 0.0530754758633

