./data/OUTPUT/SURVEY/lab_f_scan//./data/INPUT/IMGs/SURVEY/lab_f_scan.png
accuracy_bc = 0.801908197587 +- 0.189503639732
accuracy_fc = 0.637356588287 +- 0.0506505618918

