./data/OUTPUT/SCHOOL/bronxville_updated//./data/INPUT/IMGs/SCHOOL/bronxville_updated.png
accuracy_bc = 0.469797807594 +- 0.256721968939
accuracy_fc = 0.144120839123 +- 0.0491371116365

