./data/OUTPUT/SCHOOL/putnam_junior_high_updated//./data/INPUT/IMGs/SCHOOL/putnam_junior_high_updated.png
accuracy_bc = 0.54171750949 +- 0.310348343833
accuracy_fc = 0.353681337345 +- 0.101526384306

