./data/OUTPUT/SCHOOL/bronxville_updated//./data/INPUT/IMGs/SCHOOL/bronxville_updated.png
accuracy_bc = 0.429446691946 +- 0.327765039815
accuracy_fc = 0.0950157854675 +- 0.0246544851985

./data/OUTPUT/SCHOOL/bronxville_updated//./data/INPUT/IMGs/SCHOOL/bronxville_updated.png
accuracy_bc = 0.429446691946 +- 0.327765039815
accuracy_fc = 0.0950157854675 +- 0.0246544851985

./data/OUTPUT/SCHOOL/bronxville_updated//./data/INPUT/IMGs/SCHOOL/bronxville_updated.png
accuracy_bc = 0.424150009714 +- 0.306924701021
accuracy_fc = 0.126523867239 +- 0.0277275050533

