./data/OUTPUT/SCHOOL/south_mountain_school_2_updated//./data/INPUT/IMGs/SCHOOL/south_mountain_school_2_updated.png
accuracy_bc = 0.757334877532 +- 0.189151951264
accuracy_bc_pixels = 0.815266120196
accuracy_fc = 0.83937502682 +- 0.0203147669414
accuracy_fc_pixels = 0.843421572051

