./data/OUTPUT/SURVEY/lab_intel//./data/INPUT/IMGs/SURVEY/lab_intel.png
accuracy_bc = 0.806709688107 +- 0.19674737517
accuracy_fc = 0.601773444214 +- 0.0738291476699

