./data/OUTPUT/SCHOOL/Valleceppi_P0_updated//./data/INPUT/IMGs/SCHOOL/Valleceppi_P0_updated.png
accuracy_bc = 0.777653002954 +- 0.226933659571
accuracy_bc_pixels = 0.747369241687
accuracy_fc = 0.903095124779 +- 0.00899099772122
accuracy_fc_pixels = 0.928575202108

