./data/OUTPUT/SCHOOL/scuola_sconosciuta_updated//./data/INPUT/IMGs/SCHOOL/scuola_sconosciuta_updated.png
accuracy_bc = 0.825009655311 +- 0.212282752803
accuracy_bc_pixels = 0.831710785484
accuracy_fc = 0.856426728132 +- 0.0186082564559
accuracy_fc_pixels = 0.909074576307

