./data/OUTPUT/SURVEY/office_b//./data/INPUT/IMGs/SURVEY/office_b.png
accuracy_bc = 0.914128197632 +- 0.0707080788747
accuracy_fc = 0.77628788111 +- 0.0797047777316

