./data/OUTPUT/SCHOOL/Valleceppi_P0_updated//./data/INPUT/IMGs/SCHOOL/Valleceppi_P0_updated.png
accuracy_bc = 0.84021069222 +- 0.183701641393
accuracy_bc_pixels = 0.878137664702
accuracy_fc = 0.895843784503 +- 0.0085266607063
accuracy_fc_pixels = 0.932573484422

