./data/OUTPUT/SURVEY/NLB//./data/INPUT/IMGs/SURVEY/NLB.png
accuracy_bc = 0.880181930825 +- 0.170232065229
accuracy_fc = 0.780044482268 +- 0.0450160592222

