./data/OUTPUT/SCHOOL/south_mountain_school_1_updated//./data/INPUT/IMGs/SCHOOL/south_mountain_school_1_updated.png
accuracy_bc = 0.739560925157 +- 0.231109806502
accuracy_fc = 0.64610354351 +- 0.0711457358357

