./data/OUTPUT/SCHOOL/Valleceppi_P0_updated//./data/INPUT/IMGs/SCHOOL/Valleceppi_P0_updated.png
accuracy_bc = 0.656495463926 +- 0.235780161138
accuracy_fc = 0.711722950861 +- 0.0561667783031

