./data/OUTPUT/SCHOOLD/SKF_FloorPlan_updated//./data/INPUT/IMGs/SCHOOLD/SKF_FloorPlan_updated.png
accuracy_bc = 0.746917185588 +- 0.272939567222
accuracy_fc = 0.676445740338 +- 0.105487930887

