./data/OUTPUT/SURVEY/office_c//./data/INPUT/IMGs/SURVEY/office_c.png
accuracy_bc = 0.501278790201 +- 0.45894688222
accuracy_fc = 0.605197460258 +- 0.158774058437

