./data/OUTPUT/SCHOOLGT/Valleceppi_P1_updated//./data/INPUT/IMGs/SCHOOLGT/Valleceppi_P1_updated.png
accuracy_bc = 0.696918187958 +- 0.236814752862
accuracy_fc = 0.821634573351 +- 0.0353305306298

