./data/OUTPUT/SURVEY/office_e//./data/INPUT/IMGs/SURVEY/office_e.png
accuracy_bc = 0.800945424459 +- 0.288908623458
accuracy_fc = 0.632061411621 +- 0.172744423051

