./data/OUTPUT/SURVEYGT/office_d//./data/INPUT/IMGs/SURVEYGT/office_d.png
accuracy_bc = 0.934932567225 +- 0.0395771873136
accuracy_fc = 0.860517389723 +- 0.0310960589978

