./data/OUTPUT/SURVEYGT/office_a//./data/INPUT/IMGs/SURVEYGT/office_a.png
accuracy_bc = 0.949898071316 +- 0.0444502085042
accuracy_fc = 0.898100532224 +- 0.0322609611501

