./data/OUTPUT/SCHOOL/herndon_updated//./data/INPUT/IMGs/SCHOOL/herndon_updated.png
accuracy_bc = 0.829481742336 +- 0.177190350763
accuracy_bc_pixels = 0.892456350495
accuracy_fc = 0.868237489236 +- 0.0207757768339
accuracy_fc_pixels = 0.887218025509

