./data/OUTPUT/SURVEYGT/lab_b_scan//./data/INPUT/IMGs/SURVEYGT/lab_b_scan.png
accuracy_bc = 0.910369014535 +- 0.0882223108404
accuracy_fc = 0.857375099178 +- 0.035077508031

