./data/OUTPUT/SCHOOLD/sidneyriver_updated//./data/INPUT/IMGs/SCHOOLD/sidneyriver_updated.png
accuracy_bc = 0.632127070435 +- 0.292744773627
accuracy_fc = 0.367247777518 +- 0.14394677412

