./data/OUTPUT/SCHOOL/indian_head_updated//./data/INPUT/IMGs/SCHOOL/indian_head_updated.png
accuracy_bc = 0.79915158301 +- 0.156998019918
accuracy_bc_pixels = 0.814362546643
accuracy_fc = 0.794992317432 +- 0.0273245517677
accuracy_fc_pixels = 0.863721726883

