./data/OUTPUT/SURVEYGT/lab_f_scan//./data/INPUT/IMGs/SURVEYGT/lab_f_scan.png
accuracy_bc = 0.79347586502 +- 0.198100698754
accuracy_fc = 0.681527317467 +- 0.0499570670529

