accuracy_bc = 0.811536378241
accuracy_bc_pixels = 0.839286377664
accuracy_fc = 0.835690731081
accuracy_fc_pixels = 0.88735633137

