./data/OUTPUT/SURVEY/lab_f_scan//./data/INPUT/IMGs/SURVEY/lab_f_scan.png
accuracy_bc = 0.827984817575 +- 0.183446200249
accuracy_fc = 0.641504773624 +- 0.0548529915849

