./data/OUTPUT/SURVEY/office_b//./data/INPUT/IMGs/SURVEY/office_b.png
accuracy_bc = 0.906568519205 +- 0.0663932518512
accuracy_fc = 0.862084983443 +- 0.0198845083495

