./data/OUTPUT/SURVEYGT/office_a//./data/INPUT/IMGs/SURVEYGT/office_a.png
accuracy_bc = 0.953862979164 +- 0.0355813443803
accuracy_fc = 0.915488614239 +- 0.0216751276528

