./data/OUTPUT/SURVEY/lab_d_scan//./data/INPUT/IMGs/SURVEY/lab_d_scan.png
accuracy_bc = 0.924731027093 +- 0.0493668839396
accuracy_fc = 0.707478611194 +- 0.104822180211

