./data/OUTPUT/SCHOOL/SKF_FloorPlan_updated//./data/INPUT/IMGs/SCHOOL/SKF_FloorPlan_updated.png
accuracy_bc = 0.716830939221 +- 0.148087912389
accuracy_bc_pixels = 0.824594671018
accuracy_fc = 0.760614475543 +- 0.0267426445443
accuracy_fc_pixels = 0.876013144017

