./data/OUTPUT/SURVEY/office_i//./data/INPUT/IMGs/SURVEY/office_i.png
accuracy_bc = 0.937432660933 +- 0.0576249453569
accuracy_fc = 0.874701647146 +- 0.0358968749664

