./data/OUTPUT/SCHOOL/scuola_sconosciuta_updated//./data/INPUT/IMGs/SCHOOL/scuola_sconosciuta_updated.png
accuracy_bc = 0.855088775333 +- 0.178004994069
accuracy_bc_pixels = 0.923578553385
accuracy_fc = 0.786462017954 +- 0.0349078709049
accuracy_fc_pixels = 0.839554421346

