./data/OUTPUT/SCHOOLD/bronxville_updated//./data/INPUT/IMGs/SCHOOLD/bronxville_updated.png
accuracy_bc = 0.716478443296 +- 0.280642901843
accuracy_fc = 0.0798385495541 +- 0.0106779503298

