./data/OUTPUT/SURVEYGT/lab_d_scan//./data/INPUT/IMGs/SURVEYGT/lab_d_scan.png
accuracy_bc = 0.861116419689 +- 0.250862903793
accuracy_fc = 0.677326732411 +- 0.127035804697

