./data/OUTPUT/SCHOOLGT/herndon_updated//./data/INPUT/IMGs/SCHOOLGT/herndon_updated.png
accuracy_bc = 0.572038813077 +- 0.302658292718
accuracy_fc = 0.450819228325 +- 0.134927092525

