./data/OUTPUT/SURVEY/office_i//./data/INPUT/IMGs/SURVEY/office_i.png
accuracy_bc = 0.889910941642 +- 0.0929396973295
accuracy_fc = 0.894996039884 +- 0.0103570311803

