./data/OUTPUT/SURVEY/office_b//./data/INPUT/IMGs/SURVEY/office_b.png
accuracy_bc = 0.882962676787 +- 0.131580259269
accuracy_fc = 0.820308247917 +- 0.0347465308128

