./data/OUTPUT/SCHOOL/Sicurezza_1_updated//./data/INPUT/IMGs/SCHOOL/Sicurezza_1_updated.png
accuracy_bc = 0.802974974864 +- 0.140460658624
accuracy_bc_pixels = 0.827407619303
accuracy_fc = 0.820567009296 +- 0.0264083117423
accuracy_fc_pixels = 0.888604879722

