./data/OUTPUT/SURVEY/lab_ipa//./data/INPUT/IMGs/SURVEY/lab_ipa.png
accuracy_bc = 0.726831450185 +- 0.253008155025
accuracy_fc = 0.501597272798 +- 0.118603211565

