./data/OUTPUT/SCHOOLD/indian_head_updated//./data/INPUT/IMGs/SCHOOLD/indian_head_updated.png
accuracy_bc = 0.634689230688 +- 0.276684995017
accuracy_fc = 0.427879865598 +- 0.150814617246

