./data/OUTPUT/SCHOOL/sidneyriver_updated//./data/INPUT/IMGs/SCHOOL/sidneyriver_updated.png
accuracy_bc = 0.882172829021 +- 0.101227996382
accuracy_bc_pixels = 0.903734572206
accuracy_fc = 0.903006806922 +- 0.0155790424708
accuracy_fc_pixels = 0.887105474818

