./data/OUTPUT/SCHOOL/sidneyriver_updated//./data/INPUT/IMGs/SCHOOL/sidneyriver_updated.png
accuracy_bc = 0.841290915661 +- 0.137953776622
accuracy_bc_pixels = 0.85201649234
accuracy_fc = 0.884973577417 +- 0.0278289701919
accuracy_fc_pixels = 0.918015638611

