./data/OUTPUT/SURVEYGT/office_d//./data/INPUT/IMGs/SURVEYGT/office_d.png
accuracy_bc = 0.894019666609 +- 0.113831121363
accuracy_fc = 0.827552273272 +- 0.0352445153627

