./data/OUTPUT/SCHOOL/UMTD_School_Floorplan_updated//./data/INPUT/IMGs/SCHOOL/UMTD_School_Floorplan_updated.png
accuracy_bc = 0.855667144132 +- 0.0864372260684
accuracy_bc_pixels = 0.90736747374
accuracy_fc = 0.837820653788 +- 0.0307095344627
accuracy_fc_pixels = 0.915540232879

