./data/OUTPUT/SURVEY/lab_f_scan//./data/INPUT/IMGs/SURVEY/lab_f_scan.png
accuracy_bc = 0.848771960006 +- 0.142336309234
accuracy_fc = 0.762902531693 +- 0.0613786190133

