./data/OUTPUT/SURVEYGT/NLB//./data/INPUT/IMGs/SURVEYGT/NLB.png
accuracy_bc = 0.892418596486 +- 0.111220757635
accuracy_fc = 0.836142228036 +- 0.0311910108586

