./data/OUTPUT/SCHOOL/herndon_updated//./data/INPUT/IMGs/SCHOOL/herndon_updated.png
accuracy_bc = 0.616209074695 +- 0.277709814915
accuracy_fc = 0.428389290159 +- 0.0929569894598

