./data/OUTPUT/SURVEYGT/Freiburg101_scan//./data/INPUT/IMGs/SURVEYGT/Freiburg101_scan.png
accuracy_bc = 0.834117787757 +- 0.166039873873
accuracy_fc = 0.773006623289 +- 0.0313665718838

