./data/OUTPUT/SCHOOLD/scuola_sconosciuta_updated//./data/INPUT/IMGs/SCHOOLD/scuola_sconosciuta_updated.png
accuracy_bc = 0.645015821104 +- 0.287686360672
accuracy_fc = 0.572110482238 +- 0.109137646676

