./data/OUTPUT/SURVEY/lab_c_scan//./data/INPUT/IMGs/SURVEY/lab_c_scan.png
accuracy_bc = 0.972182446487 +- 0.0241388063536
accuracy_fc = 0.80667190581 +- 0.0797550135263

