./data/OUTPUT/SURVEY/lab_f_scan//./data/INPUT/IMGs/SURVEY/lab_f_scan.png
accuracy_bc = 0.825492417224 +- 0.178018578496
accuracy_fc = 0.614711292096 +- 0.0619558036157

