./data/OUTPUT/SCHOOL/putnam_junior_high_updated//./data/INPUT/IMGs/SCHOOL/putnam_junior_high_updated.png
accuracy_bc = 0.869729131436 +- 0.161896647941
accuracy_bc_pixels = 0.898885914488
accuracy_fc = 0.869150468305 +- 0.0183526326085
accuracy_fc_pixels = 0.863059571247

