./data/OUTPUT/SURVEY/office_h//./data/INPUT/IMGs/SURVEY/office_h.png
accuracy_bc = 0.898083255436 +- 0.134616543223
accuracy_fc = 0.742553829334 +- 0.141346273516

