./data/OUTPUT/SCHOOLD/henderson_high_school_updated//./data/INPUT/IMGs/SCHOOLD/henderson_high_school_updated.png
accuracy_bc = 0.800416713993 +- 0.257786112472
accuracy_fc = 0.270690424541 +- 0.114137947146

