./data/OUTPUT/SCHOOLD/Valleceppi_P1_updated//./data/INPUT/IMGs/SCHOOLD/Valleceppi_P1_updated.png
accuracy_bc = 0.745703904524 +- 0.163159336566
accuracy_fc = 0.740940736649 +- 0.0393159822385

