./data/OUTPUT/SCHOOLD/herndon_updated//./data/INPUT/IMGs/SCHOOLD/herndon_updated.png
accuracy_bc = 0.540512522096 +- 0.317314098843
accuracy_fc = 0.434551189556 +- 0.134117257928

