./data/OUTPUT/SCHOOLGT/south_mountain_school_1_updated//./data/INPUT/IMGs/SCHOOLGT/south_mountain_school_1_updated.png
accuracy_bc = 0.558241230206 +- 0.287588845488
accuracy_fc = 0.488406356749 +- 0.0552619400216

