accuracy_bc = 0.855394144105
accuracy_bc_pixels = 0.899803495058
accuracy_fc = 0.861594766577
accuracy_fc_pixels = 0.873950486676

