./data/OUTPUT/SCHOOL/west_asheville_updated//./data/INPUT/IMGs/SCHOOL/west_asheville_updated.png
accuracy_bc = 0.799236469514 +- 0.188146391341
accuracy_bc_pixels = 0.813853927797
accuracy_fc = 0.816966417858 +- 0.0246909122126
accuracy_fc_pixels = 0.872597464548

