./data/OUTPUT/SURVEY/NLB//./data/INPUT/IMGs/SURVEY/NLB.png
accuracy_bc = 0.891130449174 +- 0.122093450737
accuracy_fc = 0.787895440403 +- 0.0425729640385

