./data/OUTPUT/SCHOOL/battle_creekhs_2_updated//./data/INPUT/IMGs/SCHOOL/battle_creekhs_2_updated.png
accuracy_bc = 0.924621266954 +- 0.0332600640785
accuracy_bc_pixels = 0.925593363921
accuracy_fc = 0.940108968688 +- 0.00251150872816
accuracy_fc_pixels = 0.947503387919

