./data/OUTPUT/SURVEY/office_b//./data/INPUT/IMGs/SURVEY/office_b.png
accuracy_bc = 0.885124871903 +- 0.132733992857
accuracy_fc = 0.776222204774 +- 0.0588792187296

