./data/OUTPUT/SCHOOLD/plans2_updated//./data/INPUT/IMGs/SCHOOLD/plans2_updated.png
accuracy_bc = 0.598155485947 +- 0.171241666656
accuracy_fc = 0.657727764783 +- 0.0420254416837

