./data/OUTPUT/SCHOOL/putnam_junior_high_updated//./data/INPUT/IMGs/SCHOOL/putnam_junior_high_updated.png
accuracy_bc = 0.792632322126 +- 0.156502863981
accuracy_bc_pixels = 0.851051710834
accuracy_fc = 0.837316343886 +- 0.0297164131801
accuracy_fc_pixels = 0.872797317931

