./data/OUTPUT/SCHOOL/cunningham2f_updated//./data/INPUT/IMGs/SCHOOL/cunningham2f_updated.png
accuracy_bc = 0.779965518006 +- 0.197439744351
accuracy_bc_pixels = 0.765868873923
accuracy_fc = 0.799770212298 +- 0.0335171526068
accuracy_fc_pixels = 0.848029089403

