./data/OUTPUT/SCHOOL/Sicurezza_1_updated//./data/INPUT/IMGs/SCHOOL/Sicurezza_1_updated.png
accuracy_bc = 0.838698801019 +- 0.0935189392618
accuracy_bc_pixels = 0.871981264309
accuracy_fc = 0.843260196395 +- 0.0224032776859
accuracy_fc_pixels = 0.847564077378

