./data/OUTPUT/SCHOOL/battle_creekhs_2_updated//./data/INPUT/IMGs/SCHOOL/battle_creekhs_2_updated.png
accuracy_bc = 0.497107821607 +- 0.29054180211
accuracy_fc = 0.403629408384 +- 0.108887093744

