./data/OUTPUT/SCHOOL/Sicurezza_1_updated//./data/INPUT/IMGs/SCHOOL/Sicurezza_1_updated.png
accuracy_bc = 0.785023768755 +- 0.142639555739
accuracy_bc_pixels = 0.812327332272
accuracy_fc = 0.793349970696 +- 0.0209507428452
accuracy_fc_pixels = 0.829030959176

