./data/OUTPUT/SURVEYGT/office_c//./data/INPUT/IMGs/SURVEYGT/office_c.png
accuracy_bc = 0.836591184323 +- 0.252327534965
accuracy_fc = 0.733598355521 +- 0.120018715062

