./data/OUTPUT/SCHOOLD/bronxville_updated//./data/INPUT/IMGs/SCHOOLD/bronxville_updated.png
accuracy_bc = 0.533186728289 +- 0.248292083539
accuracy_fc = 0.140372795235 +- 0.0468813038682

