./data/OUTPUT/SCHOOL/SKF_FloorPlan_updated//./data/INPUT/IMGs/SCHOOL/SKF_FloorPlan_updated.png
accuracy_bc = 0.740163625253 +- 0.16123487771
accuracy_bc_pixels = 0.860282667594
accuracy_fc = 0.800071546927 +- 0.0227465774769
accuracy_fc_pixels = 0.866709072023

