./data/OUTPUT/SURVEY/lab_d_scan//./data/INPUT/IMGs/SURVEY/lab_d_scan.png
accuracy_bc = 0.942894800592 +- 0.0440955042532
accuracy_fc = 0.788391510303 +- 0.0984821715135

