./data/OUTPUT/SCHOOL/scuola_sconosciuta_3_updated//./data/INPUT/IMGs/SCHOOL/scuola_sconosciuta_3_updated.png
accuracy_bc = 0.829822496702 +- 0.261312955933
accuracy_bc_pixels = 0.932940593191
accuracy_fc = 0.940728139082 +- 0.00295369670233
accuracy_fc_pixels = 0.952586280905

