./data/OUTPUT/SCHOOLD/herndon_updated//./data/INPUT/IMGs/SCHOOLD/herndon_updated.png
accuracy_bc = 0.575267483516 +- 0.347363364158
accuracy_fc = 0.420234587564 +- 0.136987313361

