./data/OUTPUT/SURVEY/office_d//./data/INPUT/IMGs/SURVEY/office_d.png
accuracy_bc = 0.906276570691 +- 0.131943880399
accuracy_fc = 0.851845181102 +- 0.0319804377423

