./data/OUTPUT/SCHOOL/cunningham2f_updated//./data/INPUT/IMGs/SCHOOL/cunningham2f_updated.png
accuracy_bc = 0.764736889969 +- 0.215263608597
accuracy_bc_pixels = 0.785164152951
accuracy_fc = 0.850765231782 +- 0.0279758073444
accuracy_fc_pixels = 0.846136484951

