./data/OUTPUT/SCHOOL/Sicurezza_1_updated//./data/INPUT/IMGs/SCHOOL/Sicurezza_1_updated.png
accuracy_bc = 0.800897250986 +- 0.151448641601
accuracy_bc_pixels = 0.839889186047
accuracy_fc = 0.801448485555 +- 0.0222499941328
accuracy_fc_pixels = 0.833791135218

