./data/OUTPUT/SCHOOL/Valleceppi_P1_updated//./data/INPUT/IMGs/SCHOOL/Valleceppi_P1_updated.png
accuracy_bc = 0.719240013199 +- 0.195603238378
accuracy_fc = 0.746664557591 +- 0.0393885124187

