./data/OUTPUT/SCHOOLGT/west_asheville_updated//./data/INPUT/IMGs/SCHOOLGT/west_asheville_updated.png
accuracy_bc = 0.574887079042 +- 0.364750908841
accuracy_fc = 0.36961290883 +- 0.150170963989

