./data/OUTPUT/SCHOOLD/UMTD_School_Floorplan_updated//./data/INPUT/IMGs/SCHOOLD/UMTD_School_Floorplan_updated.png
accuracy_bc = 0.748913917317 +- 0.233881053485
accuracy_fc = 0.611951340038 +- 0.0931533696536

