./data/OUTPUT/SURVEYGT/lab_ipa//./data/INPUT/IMGs/SURVEYGT/lab_ipa.png
accuracy_bc = 0.535751438216 +- 0.252434406563
accuracy_fc = 0.765138872661 +- 0.0236691073979

