./data/OUTPUT/SCHOOL/henderson_high_school_updated//./data/INPUT/IMGs/SCHOOL/henderson_high_school_updated.png
accuracy_bc = 0.822732901985 +- 0.150661773342
accuracy_fc = 0.740526505369 +- 0.0435847707624

