./data/OUTPUT/SCHOOLD/bronxville_updated//./data/INPUT/IMGs/SCHOOLD/bronxville_updated.png
accuracy_bc = 0.483811354054 +- 0.272639323082
accuracy_fc = 0.147130978479 +- 0.0558167612981

