./data/OUTPUT/SCHOOL/scuola_sconosciuta_3_updated//./data/INPUT/IMGs/SCHOOL/scuola_sconosciuta_3_updated.png
accuracy_bc = 0.854690249153 +- 0.21990106555
accuracy_bc_pixels = 0.945850327335
accuracy_fc = 0.937584042385 +- 0.00738917653629
accuracy_fc_pixels = 0.966141096396

