./data/OUTPUT/SCHOOL/herndon_updated//./data/INPUT/IMGs/SCHOOL/herndon_updated.png
accuracy_bc = 0.809859962757 +- 0.188661327727
accuracy_bc_pixels = 0.8677160792
accuracy_fc = 0.838843363606 +- 0.0266194669449
accuracy_fc_pixels = 0.882095704371

