./data/OUTPUT/SURVEYGT/office_e//./data/INPUT/IMGs/SURVEYGT/office_e.png
accuracy_bc = 0.831403510147 +- 0.196367779248
accuracy_fc = 0.661134219679 +- 0.0904367683541

