./data/OUTPUT/SURVEY/Freiburg101_scan//./data/INPUT/IMGs/SURVEY/Freiburg101_scan.png
accuracy_bc = 0.823568051533 +- 0.1587357339
accuracy_fc = 0.683440573858 +- 0.0533522432608

