./data/OUTPUT/SCHOOLGT/UMTD_School_Floorplan_updated//./data/INPUT/IMGs/SCHOOLGT/UMTD_School_Floorplan_updated.png
accuracy_bc = 0.714827531418 +- 0.223658625008
accuracy_fc = 0.637947638477 +- 0.104312711801

