./data/OUTPUT/SURVEYGT/office_f//./data/INPUT/IMGs/SURVEYGT/office_f.png
accuracy_bc = 0.907117332096 +- 0.174094340417
accuracy_fc = 0.900410329788 +- 0.0391779256281

