./data/OUTPUT/SCHOOL/scuola_sconosciuta_updated//./data/INPUT/IMGs/SCHOOL/scuola_sconosciuta_updated.png
accuracy_bc = 0.866286367768 +- 0.174340765923
accuracy_bc_pixels = 0.864530803355
accuracy_fc = 0.811796980865 +- 0.0311945450118
accuracy_fc_pixels = 0.899941340596

