./data/OUTPUT/SURVEYGT/office_c//./data/INPUT/IMGs/SURVEYGT/office_c.png
accuracy_bc = 0.890180838217 +- 0.189087722652
accuracy_fc = 0.748644559963 +- 0.110992852341

