./data/OUTPUT/SURVEY/office_a//./data/INPUT/IMGs/SURVEY/office_a.png
accuracy_bc = 0.959195694523 +- 0.0358824540288
accuracy_fc = 0.903127998428 +- 0.0270188869526

