./data/OUTPUT/SCHOOLGT/SKF_FloorPlan_updated//./data/INPUT/IMGs/SCHOOLGT/SKF_FloorPlan_updated.png
accuracy_bc = 0.315136583798 +- 0.220175337257
accuracy_fc = 0.692407316359 +- 0.0962582956435

