./data/OUTPUT/SCHOOL/indian_head_updated//./data/INPUT/IMGs/SCHOOL/indian_head_updated.png
accuracy_bc = 0.699541412887 +- 0.201557101849
accuracy_fc = 0.340442598842 +- 0.139372217171

