./data/OUTPUT/SURVEYGT/office_b//./data/INPUT/IMGs/SURVEYGT/office_b.png
accuracy_bc = 0.930699041595 +- 0.0606261611098
accuracy_fc = 0.783802241006 +- 0.0879523201564

