./data/OUTPUT/SCHOOL/sidneyriver_updated//./data/INPUT/IMGs/SCHOOL/sidneyriver_updated.png
accuracy_bc = 0.922967282507 +- 0.059951768119
accuracy_bc_pixels = 0.932526191641
accuracy_fc = 0.904199190908 +- 0.0149586999202
accuracy_fc_pixels = 0.877045452651

