./data/OUTPUT/SCHOOLGT/cunningham2f_updated//./data/INPUT/IMGs/SCHOOLGT/cunningham2f_updated.png
accuracy_bc = 0.689339206357 +- 0.219261509354
accuracy_fc = 0.568372339643 +- 0.0499322868015

