./data/OUTPUT/SCHOOL/henderson_high_school_updated//./data/INPUT/IMGs/SCHOOL/henderson_high_school_updated.png
accuracy_bc = 0.675147175477 +- 0.357405156698
accuracy_fc = 0.237163341979 +- 0.108097120747

