./data/OUTPUT/SURVEY/Freiburg101_scan//./data/INPUT/IMGs/SURVEY/Freiburg101_scan.png
accuracy_bc = 0.774880123007 +- 0.21363836183
accuracy_fc = 0.719601161815 +- 0.0236890352163

