./data/OUTPUT/SCHOOL/putnam_junior_high_updated//./data/INPUT/IMGs/SCHOOL/putnam_junior_high_updated.png
accuracy_bc = 0.715268734696 +- 0.265414568355
accuracy_bc_pixels = 0.704183430647
accuracy_fc = 0.811705001635 +- 0.0329465333592
accuracy_fc_pixels = 0.878222374382

