./data/OUTPUT/SURVEY/lab_f_scan//./data/INPUT/IMGs/SURVEY/lab_f_scan.png
accuracy_bc = 0.881569116823 +- 0.110255457298
accuracy_fc = 0.739887131847 +- 0.0765450660973

