./data/OUTPUT/SCHOOL/west_asheville_updated//./data/INPUT/IMGs/SCHOOL/west_asheville_updated.png
accuracy_bc = 0.76616326224 +- 0.153268965848
accuracy_bc_pixels = 0.809457675845
accuracy_fc = 0.800621370842 +- 0.0218806986611
accuracy_fc_pixels = 0.871405852976

