./data/OUTPUT/SURVEY/Freiburg101_scan//./data/INPUT/IMGs/SURVEY/Freiburg101_scan.png
accuracy_bc = 0.792195463437 +- 0.220241099564
accuracy_fc = 0.701507487544 +- 0.0227406195377

