./data/OUTPUT/SURVEYGT/Freiburg79_scan2//./data/INPUT/IMGs/SURVEYGT/Freiburg79_scan2.png
accuracy_bc = 0.587239476624 +- 0.153849747243
accuracy_fc = 0.711401126833 +- 0.0291646465059

