./data/OUTPUT/SCHOOL/rock_island_second_floor_updated//./data/INPUT/IMGs/SCHOOL/rock_island_second_floor_updated.png
accuracy_bc = 0.827738039964 +- 0.153986763432
accuracy_bc_pixels = 0.783261126881
accuracy_fc = 0.838157137895 +- 0.0265560998151
accuracy_fc_pixels = 0.86875619082

