./data/OUTPUT/SCHOOL/UMTD_School_Floorplan_updated//./data/INPUT/IMGs/SCHOOL/UMTD_School_Floorplan_updated.png
accuracy_bc = 0.85355150835 +- 0.0856424018599
accuracy_bc_pixels = 0.906909082633
accuracy_fc = 0.836589131658 +- 0.0308875257214
accuracy_fc_pixels = 0.914677381118

