./data/OUTPUT/SCHOOLGT/south_mountain_school_2_updated//./data/INPUT/IMGs/SCHOOLGT/south_mountain_school_2_updated.png
accuracy_bc = 0.592165381848 +- 0.232892137901
accuracy_fc = 0.392456286622 +- 0.0636418712528

