./data/OUTPUT/SCHOOLGT/scuola_sconosciuta_updated//./data/INPUT/IMGs/SCHOOLGT/scuola_sconosciuta_updated.png
accuracy_bc = 0.659336912141 +- 0.293083972854
accuracy_fc = 0.59316756524 +- 0.110140045613

