./data/OUTPUT/SCHOOLGT/SKF_FloorPlan_updated//./data/INPUT/IMGs/SCHOOLGT/SKF_FloorPlan_updated.png
accuracy_bc = 0.35790726843 +- 0.228084543489
accuracy_fc = 0.678998101503 +- 0.0962891946606

