./data/OUTPUT/SURVEYGT/Freiburg79_scan2//./data/INPUT/IMGs/SURVEYGT/Freiburg79_scan2.png
accuracy_bc = 0.578061643518 +- 0.157975765509
accuracy_fc = 0.737236415426 +- 0.0266124124997

