./data/OUTPUT/SCHOOL/indian_head_updated//./data/INPUT/IMGs/SCHOOL/indian_head_updated.png
accuracy_bc = 0.731900758899 +- 0.174129021682
accuracy_bc_pixels = 0.769976803396
accuracy_fc = 0.831633966084 +- 0.030152620751
accuracy_fc_pixels = 0.861505542502

