./data/OUTPUT/SURVEYGT/lab_a_scan//./data/INPUT/IMGs/SURVEYGT/lab_a_scan.png
accuracy_bc = 0.849966600358 +- 0.149770821141
accuracy_fc = 0.771620090325 +- 0.0389519459841

